  2.7216271e-004 -1.4419586e-002
 -1.0710215e-002  1.1938849e-003
  9.7346220e-003 -3.7138679e-002
  9.8225305e-003  1.5092403e-002
  9.8458134e-003  1.7719290e-002
 -8.4192147e-003  3.3453096e-002
  5.9922417e-003  2.2004421e-002
 -7.0650239e-003 -2.9636877e-002
 -5.5132416e-003  5.3834869e-003
  5.2941278e-003  2.9205903e-003
 -5.7546618e-001  2.8183159e-002
 -5.8110558e-001  1.3192719e-002
 -5.7647203e-001  3.0733606e-002
 -5.8965954e-001 -4.6000000e-002
 -5.7804010e-001 -4.3129620e-002
 -5.7276164e-001 -8.1284811e-002
 -5.8835111e-001 -7.7119672e-002
 -5.7107896e-001 -7.4971440e-002
 -5.7005738e-001 -1.4867916e-001
 -5.8798848e-001 -1.6526774e-001
 -5.7723735e-001 -1.3392555e-001
 -5.7583380e-001 -1.8007281e-001
 -5.7433501e-001 -1.8173973e-001
 -5.7396867e-001 -2.1366567e-001
 -5.8214229e-001 -2.1733312e-001
 -5.8413742e-001 -2.4116770e-001
 -5.7024179e-001 -2.5011519e-001
 -5.7798506e-001 -3.0663472e-001
 -5.7139944e-001 -3.0707203e-001
 -5.7737125e-001 -3.3485795e-001
 -5.7710848e-001 -2.7386883e-001
 -5.9154956e-001 -2.9976724e-001
 -5.8305347e-001 -3.2365526e-001
 -5.9043310e-001 -3.3651505e-001
 -5.8572305e-001 -3.2244381e-001
 -5.8803903e-001 -3.5305493e-001
 -5.7066004e-001 -3.5869878e-001
 -5.7981472e-001 -4.0638306e-001
 -5.7100395e-001 -3.9715163e-001
 -5.8322761e-001 -3.8660847e-001
 -5.8309734e-001 -4.1040833e-001
 -5.8398918e-001 -3.8155849e-001
 -5.8890674e-001 -3.9155505e-001
 -5.7896199e-001 -3.6065713e-001
 -5.8948302e-001 -4.2066564e-001
 -5.8165583e-001 -3.9470627e-001
 -5.7243282e-001 -4.1100576e-001
 -5.8084145e-001 -3.7774136e-001
 -5.8561495e-001 -3.8677643e-001
 -5.8334145e-001 -3.6717608e-001
 -5.7030034e-001 -3.8301311e-001
 -5.6919198e-001 -4.2522856e-001
 -5.8885045e-001 -4.1676958e-001
 -5.8998766e-001 -3.8090749e-001
 -5.8627826e-001 -4.4923134e-001
 -5.7625725e-001 -4.2622377e-001
 -5.8398443e-001 -4.0140868e-001
 -5.8528792e-001 -3.9201727e-001
 -5.8165591e-001 -4.5008680e-001
 -5.7211191e-001 -4.4991364e-001
 -5.9137812e-001 -4.1447004e-001
 -5.8268239e-001 -4.3581689e-001
 -5.8630512e-001 -3.8780941e-001
 -5.7668141e-001 -3.8300200e-001
 -5.6881361e-001 -4.3146395e-001
 -5.8319316e-001 -4.5543239e-001
 -5.8220070e-001 -4.3758334e-001
 -5.8552010e-001 -4.5277171e-001
 -5.8937253e-001 -3.9117576e-001
 -5.7954725e-001 -4.4309035e-001
 -5.8472754e-001 -4.3303015e-001
 -5.7573868e-001 -3.9465522e-001
 -5.7146786e-001 -4.5821221e-001
 -5.7088535e-001 -4.0210536e-001
 -5.7207818e-001 -4.3011286e-001
 -5.7355326e-001 -3.9813773e-001
 -5.7188699e-001 -3.9190738e-001
 -5.7246976e-001 -3.9183237e-001
 -5.8189965e-001 -3.8893369e-001
 -4.0292762e-001 -3.8881484e-001
 -3.8353968e-001 -3.9718791e-001
 -4.0509910e-001 -4.1585812e-001
 -3.9187887e-001 -4.5083468e-001
 -4.0458074e-001 -4.6556400e-001
 -3.8326114e-001 -4.7350563e-001
 -3.9789297e-001 -4.4826047e-001
 -3.8608919e-001 -4.6737290e-001
 -3.9569192e-001 -5.1413213e-001
 -3.9123521e-001 -4.7845153e-001
 -3.9462506e-001 -5.1433154e-001
 -4.0495413e-001 -4.9966705e-001
 -3.8940091e-001 -5.1859452e-001
 -4.0442255e-001 -5.8925323e-001
 -4.0018994e-001 -5.2810486e-001
 -3.8295355e-001 -5.6212196e-001
 -3.8752735e-001 -5.8727849e-001
 -3.9617587e-001 -5.5833119e-001
 -4.0491819e-001 -6.3492142e-001
 -4.0386892e-001 -6.3277809e-001
 -3.9384396e-001 -5.8296530e-001
 -4.0001747e-001 -5.8586753e-001
 -3.9273355e-001 -6.1529667e-001
 -3.8651733e-001 -6.2844381e-001
 -3.9663490e-001 -6.0188209e-001
 -4.0587512e-001 -6.0503020e-001
 -3.9594487e-001 -6.6675493e-001
 -3.9827915e-001 -6.4666489e-001
 -3.9921987e-001 -6.4828151e-001
 -3.8486176e-001 -6.6442942e-001
 -3.9493000e-001 -6.6705604e-001
 -3.8512384e-001 -6.7310024e-001
 -3.9148056e-001 -6.8926205e-001
 -3.8756610e-001 -6.8243498e-001
 -4.0505165e-001 -6.2686943e-001
 -3.9674778e-001 -6.4823177e-001
 -3.8559005e-001 -6.7269894e-001
 -3.8404854e-001 -6.5346030e-001
 -4.0399160e-001 -6.7512281e-001
 -3.9119430e-001 -6.8296958e-001
 -3.9036419e-001 -7.0242031e-001
 -3.9161799e-001 -6.9508320e-001
 -4.0066648e-001 -6.3803965e-001
 -3.9522042e-001 -6.8540621e-001
 -3.8466120e-001 -6.8875956e-001
 -3.9943380e-001 -6.7126927e-001
 -3.9699362e-001 -6.7000794e-001
 -4.0392721e-001 -6.8011792e-001
 -4.0315140e-001 -6.9730941e-001
 -3.9597706e-001 -6.4805632e-001
 -3.8970452e-001 -6.6750129e-001
 -3.8967679e-001 -6.9669289e-001
 -4.0130296e-001 -6.4808046e-001
 -3.9773632e-001 -6.7598445e-001
 -3.9921621e-001 -6.6996609e-001
 -3.9381361e-001 -6.8589726e-001
 -3.8958672e-001 -6.9862974e-001
 -4.0493150e-001 -7.0561067e-001
 -4.0351744e-001 -7.0952735e-001
 -3.8317408e-001 -7.2033446e-001
 -3.9479744e-001 -6.5420093e-001
 -3.8296979e-001 -7.2061659e-001
 -4.0376388e-001 -6.8854508e-001
 -4.0358161e-001 -6.9736677e-001
 -3.8235664e-001 -6.4649147e-001
 -3.8624026e-001 -6.5090967e-001
 -3.8857036e-001 -6.8882511e-001
 -3.9031728e-001 -7.2209760e-001
 -3.9593646e-001 -7.1316180e-001
 -1.6913355e-001 -6.6852386e-001
 -1.5228541e-001 -6.8777060e-001
 -1.6511301e-001 -6.6062839e-001
 -1.5176819e-001 -6.4925779e-001
 -1.6433541e-001 -6.6284814e-001
 -1.6761710e-001 -6.3909141e-001
 -1.6016636e-001 -6.1128797e-001
 -1.6413345e-001 -6.0582852e-001
 -1.5001520e-001 -5.9169430e-001
 -1.6514435e-001 -5.9076938e-001
 -1.6448857e-001 -5.8356485e-001
 -1.6387543e-001 -5.8827665e-001
 -1.5996335e-001 -5.6451163e-001
 -1.5969609e-001 -5.7620130e-001
 -1.5312423e-001 -5.1953138e-001
 -1.6123592e-001 -5.5564723e-001
 -1.6516050e-001 -5.5961072e-001
 -1.7103076e-001 -5.1167970e-001
 -1.6816316e-001 -5.4434938e-001
 -1.5486580e-001 -4.8701890e-001
 -1.5757395e-001 -5.3034416e-001
 -1.6764373e-001 -4.7714510e-001
 -1.5310413e-001 -5.1566105e-001
 -1.6360628e-001 -4.8528483e-001
 -1.6560180e-001 -4.4869040e-001
 -1.6349125e-001 -5.1864399e-001
 -1.6923396e-001 -4.4416972e-001
 -1.6132356e-001 -4.6697663e-001
 -1.6387419e-001 -4.5388687e-001
 -1.6304789e-001 -4.9231476e-001
 -1.7033600e-001 -4.8003554e-001
 -1.5465654e-001 -4.3731220e-001
 -1.5057260e-001 -4.8275372e-001
 -1.6092117e-001 -4.7025233e-001
 -1.5393974e-001 -4.5785636e-001
 -1.5443796e-001 -4.7503604e-001
 -1.4854276e-001 -4.5308240e-001
 -1.6563142e-001 -4.6037109e-001
 -1.6307094e-001 -4.7886473e-001
 -1.6080486e-001 -4.6493258e-001
 -1.4959667e-001 -4.3229988e-001
 -1.7019501e-001 -4.4951239e-001
 -1.5237675e-001 -4.1192787e-001
 -1.6967436e-001 -4.3983464e-001
 -1.5932125e-001 -4.7268292e-001
 -1.6758869e-001 -4.2717037e-001
 -1.6951908e-001 -4.6114882e-001
 -1.4946311e-001 -4.1501132e-001
 -1.5345345e-001 -4.0421759e-001
 -1.6997281e-001 -4.1144774e-001
 -1.6720417e-001 -4.6669037e-001
 -1.5399979e-001 -4.2265755e-001
 -1.5225503e-001 -4.6065325e-001
 -1.5992774e-001 -4.1246147e-001
 -1.6924648e-001 -4.5270383e-001
 -1.7032449e-001 -4.3947772e-001
 -1.5971916e-001 -4.7708654e-001
 -1.5137347e-001 -4.0483735e-001
 -1.5524509e-001 -4.3700187e-001
 -1.6190590e-001 -4.4722561e-001
 -1.6967805e-001 -4.5248850e-001
 -1.5965666e-001 -4.5048778e-001
 -1.7009222e-001 -4.6257378e-001
 -1.6127082e-001 -4.7788084e-001
 -1.5201569e-001 -4.3909568e-001
 -1.7222468e-001 -4.5422392e-001
 -1.4950416e-001 -4.2427640e-001
 -1.5728285e-001 -4.5476866e-001
 -1.6213080e-001 -4.3360494e-001
 -3.1308165e-001 -4.4644419e-001
 -3.2490957e-001 -4.4150637e-001
 -3.0568162e-001 -4.2531992e-001
 -3.0900909e-001 -4.4513688e-001
 -3.0726976e-001 -4.5615499e-001
 -3.1113206e-001 -4.3962229e-001
 -3.2841761e-001 -4.4231238e-001
 -3.1600984e-001 -4.6153809e-001
 -3.1479368e-001 -5.2816138e-001
 -3.0749556e-001 -5.4419066e-001
 -3.2658611e-001 -5.4933845e-001
 -3.1152705e-001 -5.1171134e-001
 -3.0613500e-001 -5.7089558e-001
 -3.2697527e-001 -5.8864982e-001
 -3.1496132e-001 -5.2979990e-001
 -3.2724939e-001 -5.3981479e-001
 -3.1931763e-001 -6.0039507e-001
 -3.2665913e-001 -5.9462389e-001
 -3.2208041e-001 -6.2886347e-001
 -3.1218644e-001 -5.6371455e-001
 -3.1148261e-001 -6.2822168e-001
 -3.0480058e-001 -6.3843914e-001
 -3.2675043e-001 -6.1419962e-001
 -3.0831516e-001 -5.8502309e-001
 -3.0684034e-001 -6.4992362e-001
 -3.2840037e-001 -6.1050501e-001
 -3.1037673e-001 -5.9256692e-001
 -3.1798972e-001 -6.2980031e-001
 -3.0497381e-001 -6.4168992e-001
 -3.0734865e-001 -6.5180323e-001
 -3.0647975e-001 -6.2294691e-001
 -3.0681204e-001 -6.6651426e-001
 -3.1077431e-001 -6.4924400e-001
 -3.0523049e-001 -6.1514037e-001
 -3.2366433e-001 -6.7511316e-001
 -3.2594173e-001 -6.5515854e-001
 -3.0783737e-001 -6.6200336e-001
 -3.0557112e-001 -6.8115959e-001
 -3.0864140e-001 -6.7283057e-001
 -3.1289966e-001 -6.6581500e-001
 -3.2114815e-001 -6.4077707e-001
 -3.2491012e-001 -6.6964079e-001
 -3.1727203e-001 -6.3939328e-001
 -3.0506044e-001 -6.4109596e-001
 -3.2179016e-001 -6.6776313e-001
 -3.2708529e-001 -6.2295812e-001
 -3.1851452e-001 -6.7402105e-001
 -3.1910889e-001 -6.3208807e-001
 -3.1590208e-001 -6.4307892e-001
 -3.2547827e-001 -6.4299589e-001
 -3.2236007e-001 -7.0050424e-001
 -3.1632756e-001 -6.4257214e-001
 -3.0956171e-001 -6.4516418e-001
 -3.1077286e-001 -6.8046671e-001
 -3.0801760e-001 -6.2998456e-001
 -3.2619436e-001 -6.5616302e-001
 -3.1975046e-001 -6.6738077e-001
 -3.1484281e-001 -6.6001126e-001
 -3.2531902e-001 -6.7990709e-001
 -3.0537345e-001 -6.8513236e-001
 -3.2313162e-001 -6.5872679e-001
 -3.1092123e-001 -6.8408808e-001
 -3.2718923e-001 -6.5386228e-001
 -3.1981615e-001 -6.4713403e-001
 -3.1868100e-001 -6.4203790e-001
 -3.1366147e-001 -6.8807939e-001
 -3.0735194e-001 -6.3104714e-001
 -3.2179960e-001 -6.6312377e-001
 -3.1522082e-001 -6.7771353e-001
 -3.6726013e-001 -6.8214007e-001
 -3.7148186e-001 -7.0343704e-001
 -3.8125876e-001 -6.5496613e-001
 -3.6844896e-001 -6.3159845e-001
 -3.8701702e-001 -6.4702668e-001
 -3.7830775e-001 -6.9919688e-001
 -3.8672615e-001 -6.6987353e-001
 -3.7224318e-001 -6.3266883e-001
 -3.7466496e-001 -6.9217451e-001
 -3.7893135e-001 -6.5745255e-001
 -3.7352427e-001 -6.3369227e-001
 -3.6920142e-001 -6.8030180e-001
 -3.6631110e-001 -6.7954919e-001
 -3.8065264e-001 -7.0386525e-001
 -3.8379933e-001 -6.7417697e-001
 -3.7851778e-001 -6.3790846e-001
 -3.8897524e-001 -6.7094894e-001
 -3.8835324e-001 -6.8167060e-001
 -3.8556229e-001 -6.8113701e-001
 -3.7195762e-001 -7.1744865e-001
 -3.8439728e-001 -6.9811535e-001
 -3.8235235e-001 -6.8713082e-001
 -3.8542775e-001 -6.6996746e-001
 -3.7475761e-001 -6.5634656e-001
 -3.7657561e-001 -6.8192975e-001
 -3.9005502e-001 -7.1539770e-001
 -3.7472420e-001 -6.4745882e-001
 -3.8842412e-001 -6.7411021e-001
 -3.8221981e-001 -6.7863607e-001
 -3.8541900e-001 -6.4410382e-001
 -3.8215581e-001 -7.1414218e-001
 -3.7551678e-001 -6.8502738e-001
 -3.7281800e-001 -6.8082701e-001
 -3.8568653e-001 -6.9286461e-001
 -3.8452281e-001 -6.7771119e-001
 -3.8518145e-001 -6.8141356e-001
 -3.8066039e-001 -7.0642685e-001
 -3.7865950e-001 -7.2107372e-001
 -3.7560009e-001 -6.6769949e-001
 -3.7079040e-001 -6.9566701e-001
 -3.7668325e-001 -6.7835946e-001
 -3.8228994e-001 -6.8271040e-001
 -3.7978889e-001 -6.7305988e-001
 -3.8640430e-001 -6.5248292e-001
 -3.6879199e-001 -7.2268812e-001
 -3.7231161e-001 -7.1388656e-001
 -3.6865623e-001 -7.0944574e-001
 -3.7530911e-001 -6.6349655e-001
 -3.7561932e-001 -6.8418469e-001
 -3.8562735e-001 -6.9800647e-001
 -3.6991901e-001 -7.2419113e-001
 -3.7449227e-001 -6.6982017e-001
 -3.7051168e-001 -6.8166828e-001
 -3.8288754e-001 -6.7667363e-001
 -3.7309548e-001 -6.9055736e-001
 -3.7602966e-001 -6.5173506e-001
 -3.6706872e-001 -7.0123926e-001
 -3.8383559e-001 -7.0687132e-001
 -3.7591461e-001 -6.5352285e-001
 -3.6915938e-001 -6.6617960e-001
 -3.8327926e-001 -6.6440969e-001
 -3.6877915e-001 -6.9277772e-001
 -3.7983662e-001 -7.1398172e-001
 -3.8176924e-001 -6.7565585e-001
 -3.6812431e-001 -6.9742205e-001
 -3.7091168e-001 -6.5012852e-001
 -3.8585541e-001 -6.5081183e-001
 -3.7978433e-001 -6.9503966e-001
 -3.6782356e-001 -6.5630068e-001
 -9.5118179e-001 -6.5122732e-001
 -9.4161590e-001 -6.9978370e-001
 -9.4411811e-001 -6.1279997e-001
 -9.5537274e-001 -5.8727532e-001
 -9.5811242e-001 -4.6410145e-001
 -9.6489014e-001 -4.2958363e-001
 -9.4285785e-001 -2.4688997e-001
 -9.4418258e-001 -1.3247523e-001
 -9.4122868e-001 -5.5742099e-002
 -9.5684278e-001  9.6569775e-002
 -9.5105711e-001  1.6053490e-001
 -9.4161284e-001  3.1292930e-001
 -9.6179399e-001  4.1901584e-001
 -9.5327906e-001  4.6939153e-001
 -9.5442754e-001  6.1999609e-001
 -9.4674439e-001  6.7804004e-001
 -9.5782968e-001  7.9943224e-001
 -9.4467762e-001  8.5124642e-001
 -9.4306836e-001  9.0692672e-001
 -9.6014229e-001  9.9847648e-001
 -9.5766734e-001  1.0909738e+000
 -9.4251334e-001  1.1061264e+000
 -9.6229479e-001  1.1723483e+000
 -9.4558348e-001  1.2281905e+000
 -9.4310469e-001  1.2892247e+000
 -9.5860747e-001  1.3488030e+000
 -9.4155519e-001  1.3583802e+000
 -9.4428631e-001  1.3501954e+000
 -9.6283526e-001  1.4554639e+000
 -9.4224839e-001  1.4426436e+000
 -9.5965299e-001  1.5099300e+000
 -9.4555580e-001  1.5113409e+000
 -9.5938502e-001  1.5021602e+000
 -9.5232759e-001  1.5584882e+000
 -9.4979763e-001  1.5342687e+000
 -9.4682713e-001  1.5728906e+000
 -9.5930073e-001  1.5613105e+000
 -9.6163754e-001  1.5844992e+000
 -9.5144711e-001  1.6275621e+000
 -9.6481191e-001  1.6468214e+000
 -9.5879608e-001  1.5970522e+000
 -9.6173930e-001  1.6139107e+000
 -9.5081104e-001  1.6198555e+000
 -9.4870315e-001  1.6670053e+000
 -9.4241645e-001  1.6367611e+000
 -9.6465104e-001  1.6292215e+000
 -9.4651284e-001  1.6426708e+000
 -9.5894681e-001  1.6982944e+000
 -9.5470479e-001  1.6614592e+000
 -9.5052883e-001  1.6952198e+000
 -9.6270315e-001  1.6871585e+000
 -9.5638178e-001  1.7010364e+000
 -9.5910965e-001  1.7084067e+000
 -9.6273959e-001  1.7247743e+000
 -9.5709659e-001  1.6545635e+000
 -9.6178133e-001  1.7244000e+000
 -9.4176136e-001  1.6952956e+000
 -9.6329474e-001  1.6865735e+000
 -9.5162602e-001  1.6948393e+000
 -9.4867941e-001  1.7158985e+000
 -9.4371329e-001  1.7173260e+000
 -9.4299803e-001  1.6766132e+000
 -9.5913465e-001  1.7323367e+000
 -9.4579757e-001  1.7338138e+000
 -9.5346285e-001  1.6788683e+000
 -9.5174020e-001  1.6821035e+000
 -9.6315225e-001  1.6659733e+000
 -9.4489493e-001  1.7354757e+000
 -9.5394842e-001  1.7362281e+000
  8.5532066e-002  1.7318465e+000
  8.8426139e-002  1.6756321e+000
  9.6863838e-002  1.6748636e+000
  8.9741331e-002  1.6776756e+000
  9.1172302e-002  1.5959862e+000
  9.1984441e-002  1.4916324e+000
  8.3363317e-002  1.4387840e+000
  8.1050846e-002  1.4353067e+000
  7.6201080e-002  1.3461967e+000
  8.0913179e-002  1.2253151e+000
  9.5791061e-002  1.1544198e+000
  8.8184299e-002  1.1372954e+000
  9.2918714e-002  1.0905021e+000
  7.7724318e-002  9.8871901e-001
  8.7250510e-002  9.5642902e-001
  8.7227201e-002  9.1454082e-001
  8.3894158e-002  8.1389647e-001
  7.5241553e-002  8.0403748e-001
  8.6340366e-002  7.8188781e-001
  8.3443760e-002  6.9636501e-001
  7.5484560e-002  7.0544914e-001
  9.0042500e-002  6.3132539e-001
  9.6633065e-002  5.7754853e-001
  9.1094763e-002  5.4913416e-001
  9.3538743e-002  5.1338559e-001
  7.8954243e-002  5.3796169e-001
  8.2603177e-002  4.7101706e-001
  8.6812554e-002  4.5312322e-001
  8.7821347e-002  5.0105352e-001
  9.2471864e-002  4.2678698e-001
  8.6286320e-002  4.2845014e-001
  9.8361267e-002  4.4215315e-001
  9.3006693e-002  3.7295415e-001
  7.5020410e-002  3.9975978e-001
  8.1968047e-002  3.6299327e-001
  8.2340992e-002  3.7617096e-001
  9.1609854e-002  3.5754630e-001
  8.9906280e-002  3.6210356e-001
  9.0572554e-002  3.7752293e-001
  8.6535171e-002  3.3230005e-001
  7.4672109e-002  3.4963933e-001
  8.4042530e-002  3.3399134e-001
  8.6383600e-002  3.4630289e-001
  8.5542048e-002  3.1028651e-001
  8.2606179e-002  3.1082384e-001
  8.8234817e-002  3.1860983e-001
  8.1479255e-002  3.4307919e-001
  7.6778420e-002  2.9748591e-001
  9.8250645e-002  3.4991568e-001
  7.4700502e-002  3.3289236e-001
  8.1718753e-002  2.9487496e-001
  8.5695189e-002  2.7666684e-001
  8.4422244e-002  3.3844516e-001
  9.5941393e-002  2.8067142e-001
  9.7698708e-002  3.2849668e-001
  9.2793372e-002  2.8518929e-001
  8.0200583e-002  2.8396434e-001
  7.9381953e-002  3.1833254e-001
  7.6452821e-002  3.0191357e-001
  8.5739272e-002  2.9902456e-001
  9.0519169e-002  3.0364134e-001
  8.8081387e-002  2.8813016e-001
  9.2699894e-002  3.0945466e-001
  8.0155844e-002  3.3603157e-001
  8.1450323e-002  2.9520380e-001
  9.7921829e-002  3.3901092e-001
  8.2257435e-002  3.2293843e-001
  8.0947181e-002  3.3575993e-001
  9.7094137e-002  2.7567097e-001
 -2.9710354e-001  3.1180909e-001
 -2.8489359e-001  2.8665879e-001
 -2.9148378e-001  2.7661982e-001
 -3.0222915e-001  2.7965122e-001
 -2.8760913e-001  1.9256360e-001
 -2.9520522e-001  1.4896868e-001
 -2.9660611e-001  1.4169944e-001
 -2.8799934e-001  7.1999363e-002
 -2.9119681e-001  2.7376154e-002
 -2.8257598e-001 -2.5605406e-002
 -2.8621044e-001 -5.1052802e-002
 -2.8429341e-001 -5.5135273e-002
 -2.9061464e-001 -1.0293813e-001
 -2.8500812e-001 -1.6206295e-001
 -2.8912542e-001 -1.7621620e-001
 -2.8814633e-001 -2.3401609e-001
 -2.8309161e-001 -2.7004623e-001
 -2.8603565e-001 -3.3822543e-001
 -2.8382869e-001 -3.7177581e-001
 -2.9649248e-001 -3.9975079e-001
 -3.0100271e-001 -3.5944600e-001
 -2.9473826e-001 -3.9116360e-001
 -2.9162917e-001 -4.1503793e-001
 -2.9515024e-001 -4.5794293e-001
 -2.9225897e-001 -5.0371856e-001
 -2.9157644e-001 -4.6612230e-001
 -2.9352889e-001 -5.2595219e-001
 -2.9171456e-001 -5.1473606e-001
 -2.8957510e-001 -5.5379697e-001
 -2.8787013e-001 -5.7057270e-001
 -2.8500702e-001 -5.5669388e-001
 -2.9552839e-001 -6.0321044e-001
 -2.8811222e-001 -5.5787914e-001
 -2.8754664e-001 -6.1378752e-001
 -2.9951226e-001 -5.9350755e-001
 -2.8726751e-001 -6.2070374e-001
 -2.9758802e-001 -6.2442733e-001
 -3.0570580e-001 -6.1266448e-001
 -2.8851298e-001 -6.2683817e-001
 -2.8419766e-001 -5.8088756e-001
 -2.8587733e-001 -5.7556382e-001
 -2.8479289e-001 -6.4220941e-001
 -2.9098728e-001 -6.4920884e-001
 -3.0167183e-001 -6.5514310e-001
 -2.8537211e-001 -6.4524331e-001
 -2.9744202e-001 -6.6811289e-001
 -2.9287040e-001 -6.1285706e-001
 -3.0376368e-001 -6.1276433e-001
 -2.9313631e-001 -6.2319168e-001
 -2.8819921e-001 -5.9683055e-001
 -2.9523973e-001 -6.3046991e-001
 -2.8281232e-001 -6.4538334e-001
 -2.9490590e-001 -6.4473042e-001
 -3.0631134e-001 -6.5433671e-001
 -2.9627919e-001 -6.7450881e-001
 -2.9616246e-001 -6.1908387e-001
 -2.8389522e-001 -6.0862082e-001
 -2.8806014e-001 -6.4290980e-001
 -3.0191665e-001 -6.7065030e-001
 -3.0296999e-001 -6.2680990e-001
 -2.8434806e-001 -6.3412285e-001
 -3.0266233e-001 -6.3816286e-001
 -2.8277415e-001 -6.0741775e-001
 -3.0218865e-001 -6.5736410e-001
 -2.9086587e-001 -6.7761565e-001
 -2.9899481e-001 -6.1443189e-001
 -2.9110340e-001 -6.7806092e-001
 -2.9461765e-001 -6.2271240e-001
 -2.8533584e-001 -6.6280269e-001
  7.0813049e-001 -6.2871946e-001
  7.2500525e-001 -6.2090775e-001
  7.0203317e-001 -6.1168251e-001
  7.1784522e-001 -4.8679932e-001
  7.1066015e-001 -4.1454983e-001
  7.1072130e-001 -2.1053877e-001
  7.0825321e-001 -1.3203121e-001
  7.2384939e-001  3.7350208e-002
  7.0348217e-001  1.8337626e-001
  7.2221295e-001  3.5878746e-001
  7.1800372e-001  5.6843302e-001
  7.1274266e-001  6.6143851e-001
  7.0484890e-001  8.6521358e-001
  7.2518438e-001  9.9090062e-001
  7.0236685e-001  1.1099605e+000
  7.0476434e-001  1.2560616e+000
  7.1517063e-001  1.3534628e+000
  7.1156397e-001  1.4541487e+000
  7.1691626e-001  1.5740292e+000
  7.0949715e-001  1.6899123e+000
  7.0565683e-001  1.7574640e+000
  7.1843103e-001  1.8219409e+000
  7.0530891e-001  1.8943916e+000
  7.0325518e-001  1.9480030e+000
  7.0648746e-001  2.0520782e+000
  7.1196113e-001  2.0487881e+000
  7.0617345e-001  2.0989846e+000
  7.1716082e-001  2.1860301e+000
  7.0219544e-001  2.2637910e+000
  7.1232535e-001  2.2474641e+000
  7.2500055e-001  2.3121353e+000
  7.0824990e-001  2.3494295e+000
  7.1492937e-001  2.3381021e+000
  7.2530867e-001  2.3479767e+000
  7.0741361e-001  2.4318006e+000
  7.1287738e-001  2.4294231e+000
  7.2455633e-001  2.4253082e+000
  7.1721600e-001  2.4799452e+000
  7.0867533e-001  2.4644493e+000
  7.0383910e-001  2.4788028e+000
  7.2520617e-001  2.5419076e+000
  7.0897231e-001  2.5297250e+000
  7.0545208e-001  2.5118826e+000
  7.1080411e-001  2.5136639e+000
  7.2076547e-001  2.5108408e+000
  7.1243114e-001  2.5200453e+000
  7.0421846e-001  2.5219937e+000
  7.0831715e-001  2.5326723e+000
  7.1554418e-001  2.6114292e+000
  7.2517257e-001  2.5378562e+000
  7.1498226e-001  2.6012877e+000
  7.1033714e-001  2.5939628e+000
  7.1979755e-001  2.5841526e+000
  7.0646848e-001  2.6161632e+000
  7.1061152e-001  2.5860453e+000
  7.2322938e-001  2.5788171e+000
  7.0959453e-001  2.6128406e+000
  7.0996967e-001  2.5626909e+000
  7.1274994e-001  2.5884778e+000
  7.2353527e-001  2.6160047e+000
  7.0895291e-001  2.6159679e+000
  7.0632549e-001  2.5815874e+000
  7.2120967e-001  2.6244213e+000
  7.1173460e-001  2.5874573e+000
  7.1261088e-001  2.5989445e+000
  7.2439038e-001  2.6074131e+000
  7.1027373e-001  2.5780163e+000
  7.1219111e-001  2.6426968e+000
  7.1860193e-001  2.6000546e+000
 -8.1471484e-001  2.5993841e+000
 -8.0730401e-001  2.6047108e+000
 -8.1047018e-001  2.5796804e+000
 -8.0503467e-001  2.5136715e+000
 -8.0966008e-001  2.4546784e+000
 -8.0048239e-001  2.3848179e+000
 -8.0848960e-001  2.2774742e+000
 -8.1573733e-001  2.1621707e+000
 -8.0984786e-001  2.0705651e+000
 -8.1756532e-001  2.0167825e+000
 -8.0236187e-001  1.8570745e+000
 -8.1874392e-001  1.8205629e+000
 -8.0344003e-001  1.6823125e+000
 -8.1985412e-001  1.6395881e+000
 -8.0699141e-001  1.5542518e+000
 -8.1846688e-001  1.4329217e+000
 -8.0036736e-001  1.3713627e+000
 -8.2047812e-001  1.3221774e+000
 -8.2227352e-001  1.2481800e+000
 -8.0598969e-001  1.2059839e+000
 -8.1457773e-001  1.1640230e+000
 -8.0345178e-001  1.0676963e+000
 -8.0039501e-001  1.0639782e+000
 -8.1232971e-001  1.0140566e+000
 -8.1760598e-001  9.4087901e-001
 -8.0856398e-001  9.3309610e-001
 -8.0337935e-001  9.2568934e-001
 -8.0081753e-001  9.0463259e-001
 -8.1157567e-001  8.4101812e-001
 -8.1864341e-001  8.3583872e-001
 -8.0930410e-001  7.6193600e-001
 -8.1946207e-001  7.4965292e-001
 -8.0791881e-001  7.8147315e-001
 -8.1528018e-001  7.6342440e-001
 -8.0203779e-001  7.5951908e-001
 -8.1612409e-001  7.0857401e-001
 -8.0687186e-001  7.3107939e-001
 -8.1871699e-001  7.1292251e-001
 -8.0033483e-001  6.9451261e-001
 -8.0888551e-001  7.1513238e-001
 -8.0965176e-001  6.7714609e-001
 -7.9917738e-001  6.3625208e-001
 -8.0087981e-001  6.8502545e-001
 -8.1527112e-001  6.5438845e-001
 -8.0379363e-001  6.0853876e-001
 -8.1105986e-001  6.4076251e-001
 -8.2126454e-001  6.4550322e-001
 -8.0740184e-001  6.4210760e-001
 -8.0668648e-001  6.5604458e-001
 -8.1357523e-001  6.2737313e-001
 -8.1789472e-001  6.0792391e-001
 -8.0647393e-001  5.9979595e-001
 -8.1854685e-001  6.5519388e-001
 -8.1105450e-001  6.0118469e-001
 -8.0633755e-001  6.2015646e-001
 -8.1293774e-001  6.2523133e-001
 -8.1944504e-001  6.0589774e-001
 -8.1656946e-001  6.1357233e-001
 -8.0679313e-001  6.4225933e-001
 -8.1941775e-001  5.8329662e-001
 -8.1673306e-001  6.2807697e-001
 -8.0699081e-001  6.4013745e-001
 -8.1698600e-001  5.9896129e-001
 -8.0808001e-001  5.7307768e-001
 -8.0227560e-001  6.3807086e-001
 -8.1410180e-001  6.2137446e-001
 -8.2117611e-001  6.0910855e-001
 -8.0255140e-001  6.3200914e-001
 -8.0655109e-001  5.8851101e-001
  1.2356927e-001  6.3655169e-001
  1.2169044e-001  6.4372188e-001
  1.2099954e-001  6.4340103e-001
  1.1715093e-001  6.0483838e-001
  1.2404124e-001  5.7759329e-001
  1.2835322e-001  6.1837627e-001
  1.1230556e-001  5.8073181e-001
  1.2003346e-001  5.8862290e-001
  1.2572897e-001  5.3657995e-001
  1.2624510e-001  5.2587259e-001
  1.2385218e-001  5.4151778e-001
  1.2753019e-001  5.6817014e-001
  1.3182043e-001  5.2907492e-001
  1.2310623e-001  5.1156980e-001
  1.2358910e-001  5.2829581e-001
  1.2470631e-001  4.7328389e-001
  1.1123280e-001  5.2814189e-001
  1.1657825e-001  5.0154302e-001
  1.2575997e-001  4.9016638e-001
  1.1202520e-001  5.1202094e-001
  1.0930787e-001  4.5512874e-001
  1.1997218e-001  5.0431893e-001
  1.1982531e-001  4.9896154e-001
  1.2487651e-001  4.4188298e-001
  1.3267039e-001  4.9038398e-001
  1.0954768e-001  4.3551924e-001
  1.1022116e-001  4.3254685e-001
  1.2548532e-001  4.8107286e-001
  1.1246915e-001  4.4973381e-001
  1.1451327e-001  4.5903745e-001
  1.1848541e-001  4.2818181e-001
  1.2346500e-001  4.2991891e-001
  1.2024462e-001  4.6340080e-001
  1.1864305e-001  4.5662083e-001
  1.3111798e-001  4.4249034e-001
  1.1053685e-001  4.3542409e-001
  1.1204603e-001  4.6211214e-001
  1.3030276e-001  4.7471646e-001
  1.1619498e-001  4.3909888e-001
  1.3225879e-001  4.0973330e-001
  1.1255732e-001  4.0532793e-001
  1.1270458e-001  4.2934345e-001
  1.2488132e-001  4.0068796e-001
  1.1251259e-001  4.1021195e-001
  1.1776742e-001  4.2874676e-001
  1.2837948e-001  4.6397250e-001
  1.2858495e-001  4.0290781e-001
  1.2253420e-001  4.0723135e-001
  1.2305173e-001  3.9391208e-001
  1.1736684e-001  4.0948744e-001
  1.2093193e-001  4.3640864e-001
  1.2270278e-001  4.2785861e-001
  1.2000732e-001  3.9602175e-001
  1.1777114e-001  4.2949643e-001
  1.2429095e-001  4.4980185e-001
  1.1943098e-001  4.2699074e-001
  1.2927245e-001  4.3535953e-001
  1.1850313e-001  4.1102582e-001
  1.2655155e-001  4.5418061e-001
  1.2520777e-001  4.4875516e-001
  1.0923125e-001  3.9477659e-001
  1.2175351e-001  4.4792159e-001
  1.1825990e-001  4.6644993e-001
  1.2121817e-001  4.1470360e-001
  1.1405364e-001  4.1035467e-001
  1.2936056e-001  3.9815233e-001
  1.2505316e-001  4.4636436e-001
  1.2457585e-001  4.0124082e-001
  1.2844419e-001  4.2456295e-001
 -8.6379797e-001  3.9353168e-001
 -8.6448660e-001  4.6303776e-001
 -8.7095718e-001  4.3208572e-001
 -8.6467681e-001  4.6671006e-001
 -8.7399369e-001  5.0460713e-001
 -8.5894306e-001  5.0259638e-001
 -8.6685942e-001  4.8691426e-001
 -8.7107041e-001  5.4316412e-001
 -8.7529225e-001  5.7127021e-001
 -8.7153390e-001  6.0596257e-001
 -8.5593983e-001  5.9409511e-001
 -8.7638454e-001  6.5120683e-001
 -8.7182906e-001  6.7186230e-001
 -8.5429792e-001  6.9348707e-001
 -8.6905443e-001  7.0875769e-001
 -8.7322676e-001  7.5487012e-001
 -8.6680166e-001  7.8251895e-001
 -8.6787100e-001  8.0990866e-001
 -8.6023493e-001  7.9259811e-001
 -8.6310180e-001  8.4882751e-001
 -8.6119567e-001  8.5818647e-001
 -8.6183062e-001  8.2663202e-001
 -8.5887869e-001  8.5560953e-001
 -8.7385624e-001  8.9800440e-001
 -8.6928834e-001  8.4918874e-001
 -8.6275381e-001  8.6469294e-001
 -8.5584214e-001  9.3896188e-001
 -8.5405833e-001  9.1648709e-001
 -8.7381508e-001  8.9259887e-001
 -8.7522347e-001  9.5946374e-001
 -8.6585574e-001  9.1738425e-001
 -8.6914550e-001  9.6273107e-001
 -8.5743898e-001  9.1957635e-001
 -8.5947605e-001  9.5903734e-001
 -8.5473367e-001  9.7395148e-001
 -8.7616847e-001  9.3080356e-001
 -8.5569384e-001  9.4868851e-001
 -8.6337038e-001  9.3389669e-001
 -8.6850994e-001  9.7746704e-001
 -8.5840819e-001  9.9326624e-001
 -8.7123922e-001  9.3070723e-001
 -8.6343063e-001  9.3497808e-001
 -8.5729558e-001  9.9289679e-001
 -8.5447568e-001  9.5912885e-001
 -8.7523691e-001  9.9472904e-001
 -8.6174596e-001  9.7992458e-001
 -8.6191340e-001  9.5386425e-001
 -8.7433148e-001  9.8740005e-001
 -8.7235096e-001  1.0035653e+000
 -8.7065864e-001  9.5370415e-001
 -8.7600364e-001  1.0065113e+000
 -8.7402639e-001  9.5407994e-001
 -8.6176346e-001  9.4550115e-001
 -8.5534349e-001  9.5834187e-001
 -8.7472634e-001  9.5637412e-001
 -8.7684904e-001  1.0174671e+000
 -8.5909673e-001  1.0113368e+000
 -8.5685271e-001  1.0067108e+000
 -8.6385787e-001  1.0025450e+000
 -8.7258720e-001  9.5797207e-001
 -8.6626297e-001  9.8729574e-001
 -8.5443072e-001  9.5811728e-001
 -8.6672214e-001  1.0226554e+000
 -8.6768799e-001  9.4586498e-001
 -8.7243882e-001  1.0193074e+000
 -8.5371915e-001  9.6411100e-001
 -8.6916251e-001  9.9537437e-001
 -8.5583335e-001  1.0090131e+000
 -8.6763620e-001  9.7823008e-001
 -6.2973654e-001  9.7542134e-001
 -6.3498727e-001  9.8289535e-001
 -6.2322155e-001  9.3995318e-001
 -6.4361134e-001  9.4214540e-001
 -6.2285708e-001  9.0812698e-001
 -6.3223519e-001  8.0277519e-001
 -6.3008071e-001  7.6261296e-001
 -6.4462695e-001  7.3843394e-001
 -6.3759366e-001  6.9096302e-001
 -6.3284104e-001  5.6769948e-001
 -6.3275236e-001  5.6195265e-001
 -6.3821267e-001  4.8522568e-001
 -6.3852152e-001  4.4336670e-001
 -6.3138174e-001  3.6065089e-001
 -6.2875006e-001  3.1603930e-001
 -6.2412912e-001  2.6008325e-001
 -6.4221740e-001  2.4141134e-001
 -6.3740204e-001  1.5337388e-001
 -6.3600415e-001  1.4149242e-001
 -6.4605460e-001  1.1332721e-001
 -6.3254472e-001  6.9479193e-002
 -6.2269038e-001  6.6246343e-002
 -6.2458804e-001 -4.2276709e-003
 -6.3017062e-001 -1.5488595e-002
 -6.2781401e-001 -4.9971173e-004
 -6.2290599e-001 -4.0169953e-002
 -6.3126777e-001 -8.3325286e-002
 -6.4143558e-001 -6.2384668e-002
 -6.4467505e-001 -1.2964741e-001
 -6.3411860e-001 -9.8978294e-002
 -6.2744069e-001 -1.4976903e-001
 -6.2803306e-001 -1.3551567e-001
 -6.2359524e-001 -1.8024817e-001
 -6.2319668e-001 -1.6938944e-001
 -6.2824801e-001 -1.5982525e-001
 -6.3764780e-001 -2.2317069e-001
 -6.2738722e-001 -1.6718396e-001
 -6.2967901e-001 -2.0489845e-001
 -6.4406980e-001 -2.1351743e-001
 -6.3249063e-001 -2.3693294e-001
 -6.3854110e-001 -2.3161410e-001
 -6.3799179e-001 -2.4329794e-001
 -6.4485316e-001 -2.4157300e-001
 -6.4614485e-001 -2.1016819e-001
 -6.2411269e-001 -2.2043312e-001
 -6.3313133e-001 -2.1812724e-001
 -6.3665438e-001 -2.0975807e-001
 -6.2763428e-001 -1.9929389e-001
 -6.3573550e-001 -2.2628788e-001
 -6.4522654e-001 -2.5196666e-001
 -6.3157156e-001 -2.7363772e-001
 -6.3129613e-001 -2.1141890e-001
 -6.4624737e-001 -2.1446219e-001
 -6.4294223e-001 -2.2437419e-001
 -6.3046661e-001 -2.2510272e-001
 -6.2427827e-001 -2.2836394e-001
 -6.2304941e-001 -2.1325756e-001
 -6.2324676e-001 -2.7560394e-001
 -6.3789302e-001 -2.1633880e-001
 -6.3992089e-001 -2.2371875e-001
 -6.2708393e-001 -2.8520302e-001
 -6.4164127e-001 -2.5035832e-001
 -6.3862089e-001 -2.3572495e-001
 -6.2865273e-001 -2.4746525e-001
 -6.4472111e-001 -2.3490552e-001
 -6.3662205e-001 -2.1725749e-001
 -6.3614221e-001 -2.2387682e-001
 -6.3382597e-001 -2.3093609e-001
 -6.3820247e-001 -2.4005478e-001
 -2.2449859e-001 -2.5131230e-001
 -2.0619448e-001 -2.3310655e-001
 -2.2195832e-001 -2.5644440e-001
 -2.2629465e-001 -3.0507551e-001
 -2.1462143e-001 -2.8890668e-001
 -2.2553041e-001 -3.0415896e-001
 -2.1877944e-001 -3.3699717e-001
 -2.1720236e-001 -3.4094330e-001
 -2.1597308e-001 -3.2443741e-001
 -2.1527728e-001 -3.5417415e-001
 -2.2055874e-001 -3.6668930e-001
 -2.1721780e-001 -3.7029141e-001
 -2.2608810e-001 -3.6268046e-001
 -2.1709457e-001 -3.6498815e-001
 -2.1026081e-001 -3.8140024e-001
 -2.0874214e-001 -4.0245422e-001
 -2.0833365e-001 -4.1548110e-001
 -2.2279860e-001 -4.2013869e-001
 -2.1575243e-001 -4.4737649e-001
 -2.1330005e-001 -4.3434171e-001
 -2.1906781e-001 -4.3222949e-001
 -2.0981762e-001 -4.8623450e-001
 -2.2463818e-001 -4.9385562e-001
 -2.2517478e-001 -4.9381277e-001
 -2.1989988e-001 -5.3032555e-001
 -2.0889365e-001 -5.0126713e-001
 -2.1522253e-001 -4.6380218e-001
 -2.2304960e-001 -5.3226624e-001
 -2.0957280e-001 -4.8119038e-001
 -2.1717946e-001 -4.7942343e-001
 -2.0910721e-001 -5.3388708e-001
 -2.0601326e-001 -4.8630162e-001
 -2.2674332e-001 -4.9961990e-001
 -2.1231758e-001 -5.4408916e-001
 -2.0433992e-001 -5.3438911e-001
 -2.1062161e-001 -5.2482669e-001
 -2.0785293e-001 -5.3542530e-001
 -2.0897794e-001 -5.5943942e-001
 -2.1556303e-001 -5.7224086e-001
 -2.2621321e-001 -5.6628716e-001
 -2.1175885e-001 -5.6726826e-001
 -2.0717400e-001 -5.1924536e-001
 -2.1158847e-001 -5.4561253e-001
 -2.1042686e-001 -5.4051167e-001
 -2.0910919e-001 -5.3814141e-001
 -2.1329369e-001 -5.4031509e-001
 -2.2594427e-001 -5.6341256e-001
 -2.1639787e-001 -5.3145497e-001
 -2.0861814e-001 -5.4872741e-001
 -2.0358412e-001 -5.0673689e-001
 -2.0995229e-001 -5.2582786e-001
 -2.1690900e-001 -5.1752834e-001
 -2.1435700e-001 -5.6806919e-001
 -2.1211243e-001 -5.0990973e-001
 -2.0691014e-001 -5.7539214e-001
 -2.1766836e-001 -5.2475717e-001
 -2.2313778e-001 -5.2100860e-001
 -2.1700337e-001 -5.7811217e-001
 -2.0838440e-001 -5.2808925e-001
 -2.2065902e-001 -5.4772398e-001
 -2.2393713e-001 -5.7913081e-001
 -2.1007166e-001 -5.5615277e-001
 -2.2117804e-001 -5.4409623e-001
 -2.1610115e-001 -5.0765392e-001
 -2.0942279e-001 -5.2366225e-001
 -2.0386022e-001 -5.1446577e-001
 -2.1472658e-001 -5.6221176e-001
 -2.2345563e-001 -5.1759983e-001
 -2.0640569e-001 -5.6238582e-001
  7.1868841e-001 -5.8160017e-001
  7.1827529e-001 -5.4033096e-001
  6.9557709e-001 -5.1308064e-001
  7.1231776e-001 -3.7498894e-001
  7.0817720e-001 -3.2126142e-001
  7.0534714e-001 -1.5989083e-001
  7.1761593e-001  3.3494001e-004
  7.0097677e-001  1.5152253e-001
  7.1836855e-001  3.3014099e-001
  7.0635999e-001  4.7106819e-001
  7.1334934e-001  6.2502337e-001
  7.1250648e-001  7.5836070e-001
  7.1562308e-001  8.6965533e-001
  6.9689182e-001  1.0395689e+000
  7.1496491e-001  1.1131501e+000
  7.0430332e-001  1.2759881e+000
  6.9840998e-001  1.3455945e+000
  7.1296273e-001  1.5152812e+000
  7.0342323e-001  1.5743665e+000
  7.1096877e-001  1.7151835e+000
  7.0609026e-001  1.7850323e+000
  7.1282519e-001  1.8689579e+000
  7.1211935e-001  1.8936055e+000
  7.1741077e-001  1.9734213e+000
  7.0144324e-001  2.0218460e+000
  6.9854025e-001  2.0958296e+000
  7.0611940e-001  2.1748943e+000
  6.9654492e-001  2.1767044e+000
  7.0242120e-001  2.2038934e+000
  6.9988316e-001  2.2390908e+000
  7.0977477e-001  2.2665393e+000
  6.9957349e-001  2.3183302e+000
  7.0718242e-001  2.3486026e+000
  7.1597771e-001  2.3471768e+000
  7.0634742e-001  2.4131789e+000
  7.1134802e-001  2.4384684e+000
  6.9551393e-001  2.4334900e+000
  7.0230413e-001  2.4753470e+000
  7.0253744e-001  2.4541923e+000
  7.0975250e-001  2.5188702e+000
  7.1382468e-001  2.5294121e+000
  6.9773852e-001  2.4931683e+000
  7.0147267e-001  2.4936330e+000
  7.0697539e-001  2.5091997e+000
  7.0132439e-001  2.5400610e+000
  7.1491703e-001  2.5793632e+000
  7.1774701e-001  2.5839032e+000
  6.9638995e-001  2.5740223e+000
  7.1849772e-001  2.5906480e+000
  6.9907728e-001  2.5288176e+000
  6.9718154e-001  2.5898731e+000
  7.0953582e-001  2.6012384e+000
  7.0626695e-001  2.5640395e+000
  7.0489884e-001  2.5659299e+000
  6.9928059e-001  2.5643102e+000
  7.0130711e-001  2.5993901e+000
  6.9647877e-001  2.5717633e+000
  7.0833467e-001  2.6100406e+000
  7.0156662e-001  2.5675148e+000
  7.0897024e-001  2.5917079e+000
  6.9969137e-001  2.5656009e+000
  7.1814255e-001  2.6006729e+000
  7.1882724e-001  2.6185785e+000
  7.1622692e-001  2.5862771e+000
  7.0885768e-001  2.5546565e+000
  6.9658779e-001  2.5718368e+000
  6.9616537e-001  2.5719254e+000
  7.1205814e-001  2.5884770e+000
  7.1538130e-001  2.5910092e+000
  8.2607437e-001  2.5937722e+000
  8.3344337e-001  2.6195464e+000
  8.2589023e-001  2.5764792e+000
  8.2558108e-001  2.6056484e+000
  8.2523150e-001  2.5941342e+000
  8.1403239e-001  2.6277719e+000
  8.3161954e-001  2.6110585e+000
  8.2310425e-001  2.6603874e+000
  8.2013325e-001  2.6788441e+000
  8.1843472e-001  2.6384853e+000
  8.3281641e-001  2.7172852e+000
  8.1510242e-001  2.6623126e+000
  8.1282482e-001  2.6907855e+000
  8.1183604e-001  2.7342054e+000
  8.3163652e-001  2.7421660e+000
  8.2043292e-001  2.7610596e+000
  8.1154356e-001  2.7672221e+000
  8.2356636e-001  2.7594911e+000
  8.1361290e-001  2.7651811e+000
  8.3158179e-001  2.7678736e+000
  8.3096062e-001  2.7557299e+000
  8.1661149e-001  2.7847602e+000
  8.2127797e-001  2.7403759e+000
  8.2153627e-001  2.8093593e+000
  8.2914534e-001  2.8186190e+000
  8.2698609e-001  2.7883535e+000
  8.1664903e-001  2.7751415e+000
  8.2018158e-001  2.8371680e+000
  8.2806104e-001  2.8048902e+000
  8.1633043e-001  2.8370587e+000
  8.2215783e-001  2.7847576e+000
  8.1910017e-001  2.8383895e+000
  8.2836321e-001  2.7754557e+000
  8.1080088e-001  2.8268865e+000
  8.2472182e-001  2.8250368e+000
  8.3294488e-001  2.7877186e+000
  8.2284480e-001  2.7940814e+000
  8.2192681e-001  2.7964628e+000
  8.2442369e-001  2.8179130e+000
  8.2483682e-001  2.8056419e+000
  8.1310548e-001  2.8547736e+000
  8.1032243e-001  2.8234036e+000
  8.3318384e-001  2.7861092e+000
  8.2657136e-001  2.8266391e+000
  8.1605534e-001  2.7887507e+000
  8.2415005e-001  2.8270261e+000
  8.2479296e-001  2.8017757e+000
  8.1240428e-001  2.8612500e+000
  8.2166591e-001  2.7975865e+000
  8.1181496e-001  2.8231475e+000
  8.1183153e-001  2.7984807e+000
  8.3136899e-001  2.8072724e+000
  8.1545442e-001  2.8056609e+000
  8.1637013e-001  2.8295893e+000
  8.3326432e-001  2.7949841e+000
  8.2095686e-001  2.8230444e+000
  8.1302824e-001  2.7993767e+000
  8.1662598e-001  2.8095548e+000
  8.3122386e-001  2.8125241e+000
  8.2549903e-001  2.8304612e+000
  8.3176073e-001  2.8610104e+000
  8.1560488e-001  2.8090590e+000
  8.1381200e-001  2.8431665e+000
  8.1994605e-001  2.8189777e+000
  8.2548637e-001  2.8496565e+000
  8.1722059e-001  2.8672611e+000
  8.1417601e-001  2.7994766e+000
  8.3150692e-001  2.8673770e+000
  8.2237434e-001  2.8391347e+000
  4.0798249e-001  2.8188171e+000
  3.9716580e-001  2.8461748e+000
  3.9629125e-001  2.7828390e+000
  4.0609236e-001  2.7857322e+000
  3.9279323e-001  2.7182424e+000
  3.8811967e-001  2.6732545e+000
  3.9319237e-001  2.6352687e+000
  3.9573728e-001  2.5262589e+000
  4.0343442e-001  2.5187793e+000
  4.0674615e-001  2.4438085e+000
  4.1025781e-001  2.3747848e+000
  3.9543006e-001  2.2681860e+000
  4.0584535e-001  2.2526370e+000
  4.0093228e-001  2.1535478e+000
  3.9765901e-001  2.1082109e+000
  3.9049698e-001  2.1287618e+000
  3.9888960e-001  2.0424010e+000
  4.0666677e-001  2.0089385e+000
  3.9380466e-001  1.9278925e+000
  3.9755074e-001  1.9228766e+000
  3.9408875e-001  1.8981633e+000
  3.9569407e-001  1.8729485e+000
  4.0597641e-001  1.8680098e+000
  4.0769740e-001  1.7925193e+000
  4.0389338e-001  1.7492061e+000
  3.9140386e-001  1.7628081e+000
  4.1134566e-001  1.7140277e+000
  3.9965124e-001  1.6898393e+000
  3.9772035e-001  1.6786837e+000
  3.8999366e-001  1.6505483e+000
  3.9508986e-001  1.6993777e+000
  4.0558301e-001  1.6813111e+000
  4.0861192e-001  1.6159209e+000
  4.0213440e-001  1.6751410e+000
  4.0559131e-001  1.6214510e+000
  4.0901030e-001  1.5965418e+000
  3.8877920e-001  1.5937507e+000
  4.0142071e-001  1.5949837e+000
  4.0774919e-001  1.6317619e+000
  3.9440293e-001  1.5770729e+000
  3.8844897e-001  1.5575902e+000
  4.0110896e-001  1.5653940e+000
  4.0695063e-001  1.5460708e+000
  4.0503251e-001  1.5493357e+000
  3.9282785e-001  1.5969105e+000
  3.9345047e-001  1.5467187e+000
  4.0512140e-001  1.5771821e+000
  3.9907130e-001  1.5910136e+000
  3.8824058e-001  1.6027056e+000
  4.0977688e-001  1.5476529e+000
  4.0313545e-001  1.5315010e+000
  4.1064681e-001  1.5317493e+000
  4.0086598e-001  1.5227618e+000
  4.0824519e-001  1.5934242e+000
  3.9509612e-001  1.5576844e+000
  3.9077464e-001  1.5303641e+000
  4.0155827e-001  1.5920283e+000
  3.9833160e-001  1.5167884e+000
  4.0366386e-001  1.5614910e+000
  3.9298743e-001  1.5662774e+000
  3.9943965e-001  1.5746418e+000
  3.8976601e-001  1.5162897e+000
  3.9900424e-001  1.5256317e+000
  4.0363997e-001  1.5907089e+000
  3.9577997e-001  1.5361681e+000
  4.0988809e-001  1.5595213e+000
  3.9720439e-001  1.5482670e+000
  4.0879914e-001  1.5137178e+000
  4.0798446e-001  1.5756812e+000
  5.8475881e-001  1.5681146e+000
  5.7765958e-001  1.5483195e+000
  5.6922230e-001  1.5672366e+000
  5.9104333e-001  1.5935490e+000
  5.7978225e-001  1.6103532e+000
  5.8091268e-001  1.6287125e+000
  5.7531034e-001  1.6873876e+000
  5.8784947e-001  1.6880545e+000
  5.9174109e-001  1.7514057e+000
  5.8710305e-001  1.7892405e+000
  5.6857473e-001  1.8229639e+000
  5.8909689e-001  1.8251576e+000
  5.7831240e-001  1.8304495e+000
  5.9086111e-001  1.8728886e+000
  5.7820855e-001  1.9192220e+000
  5.8318759e-001  1.9565641e+000
  5.7326923e-001  1.9878432e+000
  5.8385699e-001  1.9952740e+000
  5.7320378e-001  1.9690870e+000
  5.6947538e-001  2.0079968e+000
  5.8233128e-001  2.0359012e+000
  5.7579341e-001  2.0935877e+000
  5.7450857e-001  2.0644936e+000
  5.9155350e-001  2.1176597e+000
  5.6990476e-001  2.1382656e+000
  5.8687447e-001  2.0807752e+000
  5.8762358e-001  2.1225502e+000
  5.7452531e-001  2.1595694e+000
  5.7764552e-001  2.1822589e+000
  5.7734566e-001  2.1876340e+000
  5.7381137e-001  2.1348917e+000
  5.8603647e-001  2.2018897e+000
  5.6941259e-001  2.2110916e+000
  5.7308021e-001  2.1558207e+000
  5.8854825e-001  2.2002107e+000
  5.8933939e-001  2.2033483e+000
  5.7862801e-001  2.2199036e+000
  5.6862630e-001  2.2330392e+000
  5.8097083e-001  2.1831875e+000
  5.7852390e-001  2.2050312e+000
  5.7666081e-001  2.2130502e+000
  5.8746110e-001  2.1669453e+000
  5.8299040e-001  2.2324345e+000
  5.8135576e-001  2.1729020e+000
  5.7166640e-001  2.2129079e+000
  5.7097955e-001  2.1875033e+000
  5.7347486e-001  2.2225220e+000
  5.7266988e-001  2.2404764e+000
  5.8818152e-001  2.2145634e+000
  5.8231265e-001  2.1995756e+000
  5.7774533e-001  2.2285936e+000
  5.9044681e-001  2.2030097e+000
  5.7944596e-001  2.2435549e+000
  5.6926517e-001  2.1801632e+000
  5.8572791e-001  2.1967639e+000
  5.8967701e-001  2.2147472e+000
  5.7222941e-001  2.2347355e+000
  5.7920058e-001  2.2164478e+000
  5.7605618e-001  2.2236276e+000
  5.8786169e-001  2.2474084e+000
  5.8410023e-001  2.2281311e+000
  5.7124339e-001  2.2111155e+000
  5.7064853e-001  2.1989214e+000
  5.8677382e-001  2.2440140e+000
  5.8114336e-001  2.2058359e+000
  5.6988144e-001  2.2044330e+000
  5.8576653e-001  2.2203285e+000
  5.8690296e-001  2.2248546e+000
  5.8840844e-001  2.2213145e+000
 -8.8285528e-001  2.2338928e+000
 -8.8328418e-001  2.2223346e+000
 -8.8124263e-001  2.2439363e+000
 -8.7358580e-001  2.1476348e+000
 -8.8702459e-001  2.1066346e+000
 -8.9500660e-001  2.1200468e+000
 -8.8067861e-001  2.0028017e+000
 -8.7163993e-001  1.9614487e+000
 -8.7952389e-001  1.8930293e+000
 -8.7681382e-001  1.8487570e+000
 -8.8994841e-001  1.8438318e+000
 -8.7392462e-001  1.8009795e+000
 -8.9473010e-001  1.7403779e+000
 -8.8898950e-001  1.6682816e+000
 -8.8587127e-001  1.6538069e+000
 -8.8496078e-001  1.6136998e+000
 -8.9013451e-001  1.5476491e+000
 -8.9495709e-001  1.4887402e+000
 -8.8680461e-001  1.4795562e+000
 -8.8516794e-001  1.4620637e+000
 -8.7356540e-001  1.4235795e+000
 -8.7155047e-001  1.3962414e+000
 -8.8508270e-001  1.3631861e+000
 -8.7147343e-001  1.3296405e+000
 -8.7613834e-001  1.2925829e+000
 -8.9270920e-001  1.2708471e+000
 -8.8361183e-001  1.2723589e+000
 -8.8415266e-001  1.2847714e+000
 -8.9043759e-001  1.2723792e+000
 -8.9326908e-001  1.2132032e+000
 -8.7823550e-001  1.2561271e+000
 -8.8031532e-001  1.2417538e+000
 -8.9227213e-001  1.2415111e+000
 -8.8364539e-001  1.1744803e+000
 -8.8686334e-001  1.1584085e+000
 -8.7199247e-001  1.1426638e+000
 -8.8284059e-001  1.1880515e+000
 -8.7937847e-001  1.1572924e+000
 -8.8918732e-001  1.1573784e+000
 -8.9139957e-001  1.1570428e+000
 -8.7676168e-001  1.1370136e+000
 -8.8152485e-001  1.1243100e+000
 -8.7168269e-001  1.1087473e+000
 -8.7513801e-001  1.1764294e+000
 -8.7947962e-001  1.1460650e+000
 -8.7830613e-001  1.1190801e+000
 -8.7432318e-001  1.1769041e+000
 -8.9049014e-001  1.1423572e+000
 -8.8442577e-001  1.0972596e+000
 -8.8637873e-001  1.1627329e+000
 -8.7860090e-001  1.1668461e+000
 -8.7356811e-001  1.1343785e+000
 -8.8179107e-001  1.1585232e+000
 -8.7306898e-001  1.1416948e+000
 -8.7408996e-001  1.0926509e+000
 -8.8466984e-001  1.1353199e+000
 -8.9206953e-001  1.1315783e+000
 -8.8000783e-001  1.1239747e+000
 -8.7155642e-001  1.1587689e+000
 -8.9041914e-001  1.1238665e+000
 -8.8094893e-001  1.0873004e+000
 -8.8788363e-001  1.1609791e+000
 -8.8979586e-001  1.1209669e+000
 -8.8953823e-001  1.1508014e+000
 -8.9090439e-001  1.0872090e+000
 -8.7578389e-001  1.1489066e+000
 -8.8277927e-001  1.1427114e+000
 -8.7387280e-001  1.1278876e+000
 -8.8883561e-001  1.1032218e+000
 -8.0581793e-001  1.0897205e+000
 -8.1665728e-001  1.1579656e+000
 -8.0121877e-001  1.1335049e+000
 -8.1544267e-001  1.0914493e+000
 -8.1220889e-001  1.0741879e+000
 -8.1559961e-001  1.0585476e+000
 -8.1424036e-001  1.0436444e+000
 -8.1143763e-001  1.0261808e+000
 -8.1529647e-001  9.6345527e-001
 -8.0385213e-001  9.4793721e-001
 -8.0669904e-001  9.6027854e-001
 -8.0729434e-001  9.2912684e-001
 -8.0239955e-001  8.9316650e-001
 -8.1840144e-001  8.2756389e-001
 -8.1956760e-001  8.6946457e-001
 -8.1324046e-001  7.8378671e-001
 -8.0440217e-001  7.6477385e-001
 -8.1971080e-001  7.6638166e-001
 -8.0746825e-001  7.4582516e-001
 -8.1570250e-001  7.4343772e-001
 -8.0933673e-001  7.1432023e-001
 -8.1323007e-001  7.2099072e-001
 -8.1829902e-001  7.4317028e-001
 -7.9734712e-001  7.2536901e-001
 -8.2047654e-001  6.9427200e-001
 -8.1095542e-001  6.9577451e-001
 -8.0365980e-001  6.5007284e-001
 -7.9932135e-001  6.7781313e-001
 -8.1380755e-001  6.4433393e-001
 -8.0470795e-001  6.5928565e-001
 -8.0907264e-001  6.7058340e-001
 -8.0655846e-001  6.4574878e-001
 -8.0553053e-001  6.3051118e-001
 -8.0991402e-001  6.6923851e-001
 -8.0763902e-001  6.4107889e-001
 -8.1327565e-001  6.1277792e-001
 -8.1776616e-001  6.5148130e-001
 -7.9869486e-001  6.4456048e-001
 -8.1665255e-001  6.1295932e-001
 -8.0337497e-001  6.4196304e-001
 -8.0761436e-001  6.5309876e-001
 -8.1498486e-001  6.3677738e-001
 -8.1060564e-001  6.3905563e-001
 -8.0473083e-001  5.9186215e-001
 -8.1130266e-001  6.4252020e-001
 -7.9977617e-001  6.4554725e-001
 -8.0041808e-001  6.1578175e-001
 -8.1611923e-001  5.7774562e-001
 -8.0094394e-001  5.7472210e-001
 -8.0388538e-001  5.8174550e-001
 -8.1700286e-001  6.2069826e-001
 -8.0845665e-001  5.9369769e-001
 -8.0892958e-001  6.1891625e-001
 -8.0166832e-001  5.8458079e-001
 -8.1762532e-001  5.8603581e-001
 -8.2025494e-001  5.7633202e-001
 -8.0331210e-001  6.1452366e-001
 -8.0944236e-001  5.9485917e-001
 -8.1756486e-001  5.8368517e-001
 -8.1275098e-001  6.2326445e-001
 -8.0713466e-001  6.1979283e-001
 -8.1757179e-001  6.0993806e-001
 -8.1122569e-001  5.9470638e-001
 -8.1031409e-001  5.9256009e-001
 -8.0887538e-001  5.9400998e-001
 -8.1007237e-001  5.9633258e-001
 -8.0153881e-001  6.3589934e-001
 -8.0727908e-001  6.3562576e-001
 -8.0419454e-001  6.0265957e-001
  2.4192101e-001  6.3058424e-001
  2.3535950e-001  5.7112262e-001
  2.5408486e-001  5.7413052e-001
  2.4564039e-001  5.7538433e-001
  2.4560129e-001  6.4006413e-001
  2.5045475e-001  6.1357501e-001
  2.5108757e-001  6.1101713e-001
  2.4510218e-001  6.5983043e-001
  2.4130449e-001  6.9337070e-001
  2.4365197e-001  6.6562048e-001
  2.4691409e-001  7.5021336e-001
  2.3286916e-001  6.9222016e-001
  2.4790172e-001  7.6598048e-001
  2.4617689e-001  7.7645765e-001
  2.3413291e-001  7.5910538e-001
  2.4589754e-001  8.0650102e-001
  2.5428738e-001  7.6651279e-001
  2.3200189e-001  7.9968521e-001
  2.3316124e-001  7.8883835e-001
  2.3656547e-001  7.9569853e-001
  2.4072881e-001  8.3990470e-001
  2.3770689e-001  8.2530666e-001
  2.3632208e-001  8.3811938e-001
  2.4575176e-001  8.2635788e-001
  2.4565530e-001  8.6485404e-001
  2.5355278e-001  8.3972400e-001
  2.4050165e-001  8.9521296e-001
  2.3812230e-001  8.5877285e-001
  2.4081944e-001  8.8427551e-001
  2.4192984e-001  8.8645622e-001
  2.4016462e-001  8.6675470e-001
  2.3882115e-001  8.9019130e-001
  2.4667803e-001  9.0574201e-001
  2.4748044e-001  9.0579624e-001
  2.5212051e-001  9.1928728e-001
  2.3432975e-001  9.2297668e-001
  2.3445604e-001  8.5964817e-001
  2.3838285e-001  9.2465456e-001
  2.5290975e-001  9.3168306e-001
  2.4705558e-001  9.2809718e-001
  2.5055626e-001  8.6651330e-001
  2.4803139e-001  8.6495616e-001
  2.3300163e-001  8.9913809e-001
  2.3130990e-001  8.6989321e-001
  2.3793658e-001  8.7415882e-001
  2.3495339e-001  8.9938221e-001
  2.3918520e-001  8.8242367e-001
  2.4413711e-001  9.0054482e-001
  2.5268703e-001  8.6661102e-001
  2.3130722e-001  9.0590542e-001
  2.4815823e-001  9.2017868e-001
  2.4287716e-001  8.8736483e-001
  2.3802481e-001  8.8229208e-001
  2.4029018e-001  8.8575880e-001
  2.5053697e-001  8.8529090e-001
  2.3605730e-001  8.9418491e-001
  2.4751998e-001  8.8673496e-001
  2.5360483e-001  8.9787513e-001
  2.4061445e-001  9.3293122e-001
  2.5216617e-001  9.1906330e-001
  2.4341527e-001  8.7005388e-001
  2.5259969e-001  9.4640331e-001
  2.3608416e-001  9.4587894e-001
  2.4637848e-001  8.9046098e-001
  2.5220553e-001  9.2713862e-001
  2.3487019e-001  9.0565331e-001
  2.5157756e-001  8.9966508e-001
  2.3127166e-001  9.1689307e-001
  2.5036005e-001  8.8510482e-001
 -5.7299950e-001  9.1398595e-001
 -5.6336459e-001  9.4218777e-001
 -5.7306204e-001  8.5629849e-001
 -5.5885337e-001  8.8629101e-001
 -5.5534839e-001  7.7323287e-001
 -5.6990555e-001  7.5439968e-001
 -5.7607434e-001  6.6113188e-001
 -5.6596286e-001  6.1530359e-001
 -5.5444557e-001  5.6754331e-001
 -5.6763426e-001  4.9143773e-001
 -5.5981552e-001  4.2500802e-001
 -5.7171236e-001  3.7686523e-001
 -5.6492127e-001  3.0793378e-001
 -5.6339411e-001  1.9197879e-001
 -5.5434407e-001  2.0890454e-001
 -5.6948356e-001  1.0084374e-001
 -5.7258625e-001  9.4608546e-002
 -5.5604286e-001  8.6686405e-003
 -5.7333777e-001 -5.1603994e-002
 -5.7120195e-001 -4.4915238e-002
 -5.7459298e-001 -1.0074448e-001
 -5.6367223e-001 -1.5620751e-001
 -5.5927828e-001 -1.4089444e-001
 -5.5611904e-001 -1.8158587e-001
 -5.7228445e-001 -1.7891680e-001
 -5.5601715e-001 -2.4554135e-001
 -5.6125802e-001 -2.6242583e-001
 -5.7102922e-001 -3.0200431e-001
 -5.7042365e-001 -3.2100160e-001
 -5.7018133e-001 -2.7752132e-001
 -5.7558204e-001 -3.4754861e-001
 -5.7027949e-001 -3.1753113e-001
 -5.6748185e-001 -3.5784000e-001
 -5.5643035e-001 -3.9155088e-001
 -5.6387585e-001 -4.0563382e-001
 -5.7200325e-001 -4.1140427e-001
 -5.6275258e-001 -3.8678102e-001
 -5.7283735e-001 -3.9998063e-001
 -5.7587269e-001 -3.7333024e-001
 -5.7331042e-001 -4.2480330e-001
 -5.5880671e-001 -4.2559246e-001
 -5.6404504e-001 -4.3915701e-001
 -5.5282165e-001 -4.2752957e-001
 -5.6232473e-001 -4.1947350e-001
 -5.6376134e-001 -4.6536288e-001
 -5.5478711e-001 -4.7522462e-001
 -5.7154399e-001 -4.5137900e-001
 -5.6429107e-001 -4.6040002e-001
 -5.7084667e-001 -4.7801196e-001
 -5.6797833e-001 -4.3793757e-001
 -5.5565867e-001 -4.4417210e-001
 -5.7552453e-001 -4.4935749e-001
 -5.6150518e-001 -4.4057568e-001
 -5.5670052e-001 -4.3756340e-001
 -5.6413633e-001 -4.2821768e-001
 -5.7123667e-001 -4.2783068e-001
 -5.7126585e-001 -4.7884114e-001
 -5.5858838e-001 -4.6301097e-001
 -5.6739568e-001 -4.2923882e-001
 -5.6223901e-001 -4.2378558e-001
 -5.6512260e-001 -4.8610554e-001
 -5.6328849e-001 -4.7129140e-001
 -5.7571621e-001 -4.9896658e-001
 -5.6620370e-001 -4.2717791e-001
 -5.7216943e-001 -4.6336866e-001
 -5.7657662e-001 -4.6605181e-001
 -5.6328589e-001 -4.5837923e-001
 -5.5306602e-001 -4.6070140e-001
 -5.5514129e-001 -4.3291768e-001
 -1.7361301e-001 -4.6391647e-001
 -1.7344690e-001 -4.5738757e-001
 -1.8484549e-001 -4.6687688e-001
 -1.8417156e-001 -4.7174383e-001
 -1.6363790e-001 -4.2902048e-001
 -1.7413623e-001 -4.4886785e-001
 -1.6895337e-001 -4.8991963e-001
 -1.7599838e-001 -4.6840127e-001
 -1.6445816e-001 -4.9077028e-001
 -1.7587387e-001 -4.3033535e-001
 -1.7228944e-001 -4.2638650e-001
 -1.8487540e-001 -4.3685006e-001
 -1.8032831e-001 -4.4649882e-001
 -1.6799913e-001 -4.3047997e-001
 -1.6576310e-001 -4.3546338e-001
 -1.8190929e-001 -4.2968594e-001
 -1.8631313e-001 -4.9064339e-001
 -1.8615180e-001 -4.5041333e-001
 -1.8383625e-001 -4.8352102e-001
 -1.7813961e-001 -4.8780243e-001
 -1.7996914e-001 -4.9643961e-001
 -1.7312258e-001 -4.9340873e-001
 -1.7146812e-001 -4.7200734e-001
 -1.8158040e-001 -4.6086686e-001
 -1.7580044e-001 -4.6297536e-001
 -1.8524005e-001 -4.4398971e-001
 -1.8322263e-001 -4.3017649e-001
 -1.7659768e-001 -5.0147628e-001
 -1.8284156e-001 -4.7894714e-001
 -1.8370918e-001 -4.4777181e-001
 -1.7422112e-001 -5.0635323e-001
 -1.7679251e-001 -4.8009943e-001
 -1.6830354e-001 -4.4595577e-001
 -1.7110126e-001 -5.0975722e-001
 -1.8099096e-001 -4.5221497e-001
 -1.8532897e-001 -4.8028214e-001
 -1.7107429e-001 -4.5034706e-001
 -1.8671209e-001 -4.3070490e-001
 -1.8267268e-001 -4.7052761e-001
 -1.8428640e-001 -4.4208175e-001
 -1.6751213e-001 -4.8057739e-001
 -1.6968871e-001 -4.4337163e-001
 -1.8544628e-001 -4.8798357e-001
 -1.6478534e-001 -4.5892377e-001
 -1.8471060e-001 -4.5612424e-001
 -1.7115340e-001 -4.3364481e-001
 -1.8233760e-001 -4.6062947e-001
 -1.7524627e-001 -4.5460924e-001
 -1.8375984e-001 -4.3159194e-001
 -1.7149331e-001 -4.7782334e-001
 -1.8455489e-001 -4.6613663e-001
 -1.6945887e-001 -4.9750456e-001
 -1.6496224e-001 -4.7105359e-001
 -1.8463627e-001 -4.5838167e-001
 -1.7323022e-001 -4.7521551e-001
 -1.8341647e-001 -4.4333649e-001
 -1.8340181e-001 -5.0013434e-001
 -1.8166547e-001 -4.9605027e-001
 -1.6700124e-001 -4.6387454e-001
 -1.7935061e-001 -4.7113371e-001
 -1.7066818e-001 -4.8749772e-001
 -1.7826090e-001 -4.7622582e-001
 -1.6524600e-001 -4.3460661e-001
 -1.6392101e-001 -4.9738983e-001
 -1.8149255e-001 -5.0954483e-001
 -1.6791671e-001 -4.5452146e-001
 -1.7847860e-001 -4.6420476e-001
 -1.8730497e-001 -4.5706855e-001
 -1.6564616e-001 -4.4751823e-001
 -1.2183276e-001 -4.7909052e-001
 -1.2330620e-001 -4.6357261e-001
 -1.3294894e-001 -5.0145713e-001
 -1.2091209e-001 -4.2994749e-001
 -1.3261390e-001 -4.7052176e-001
 -1.3520672e-001 -4.6099768e-001
 -1.3237442e-001 -4.4761126e-001
 -1.1819110e-001 -4.6300223e-001
 -1.2989452e-001 -4.1867239e-001
 -1.2711109e-001 -4.2580405e-001
 -1.3022079e-001 -4.2742870e-001
 -1.2211983e-001 -4.2919592e-001
 -1.3468281e-001 -4.4074607e-001
 -1.3398048e-001 -3.8854942e-001
 -1.3465983e-001 -4.3879524e-001
 -1.2449259e-001 -4.4639537e-001
 -1.1546897e-001 -4.0022837e-001
 -1.2195516e-001 -4.0124050e-001
 -1.3165599e-001 -4.2782481e-001
 -1.1694386e-001 -3.6178635e-001
 -1.2651545e-001 -3.5309032e-001
 -1.1756843e-001 -3.5970463e-001
 -1.1720810e-001 -4.0884745e-001
 -1.1993005e-001 -3.9333756e-001
 -1.3072520e-001 -3.5813239e-001
 -1.2577228e-001 -3.6428640e-001
 -1.2604596e-001 -3.8058594e-001
 -1.3821464e-001 -4.1285054e-001
 -1.3505842e-001 -3.6118330e-001
 -1.3294837e-001 -3.8129049e-001
 -1.2318299e-001 -3.8804030e-001
 -1.3285871e-001 -3.7247302e-001
 -1.2562926e-001 -3.8481870e-001
 -1.2872840e-001 -3.3115202e-001
 -1.3677320e-001 -4.0710729e-001
 -1.3604196e-001 -3.7293334e-001
 -1.1880594e-001 -3.5032172e-001
 -1.2300590e-001 -3.6642709e-001
 -1.1635013e-001 -3.5581140e-001
 -1.2603662e-001 -3.9669379e-001
 -1.3375168e-001 -3.8394968e-001
 -1.2895902e-001 -3.6633728e-001
 -1.3335323e-001 -3.7073864e-001
 -1.2528797e-001 -3.8178428e-001
 -1.1783456e-001 -3.6527395e-001
 -1.3039528e-001 -3.5926230e-001
 -1.2976116e-001 -3.4466288e-001
 -1.2689651e-001 -3.2545759e-001
 -1.2342433e-001 -3.4271758e-001
 -1.1563242e-001 -3.6202184e-001
 -1.3817091e-001 -3.3046889e-001
 -1.3240437e-001 -3.3734236e-001
 -1.2792140e-001 -3.2882773e-001
 -1.2609543e-001 -3.8416902e-001
 -1.2275979e-001 -3.9701579e-001
 -1.1478634e-001 -3.4117237e-001
 -1.2316248e-001 -3.4107112e-001
 -1.3348071e-001 -3.5258855e-001
 -1.2860620e-001 -3.6984491e-001
 -1.1973383e-001 -3.7467991e-001
 -1.2268421e-001 -3.9352450e-001
 -1.3737444e-001 -3.2411322e-001
 -1.1849877e-001 -3.4820518e-001
 -1.3324673e-001 -3.7564218e-001
 -1.3121486e-001 -3.2182807e-001
 -1.3188881e-001 -3.4992735e-001
 -1.1875417e-001 -3.7603172e-001
 -1.2521622e-001 -4.0012413e-001
 -1.2200834e-001 -3.6956215e-001
  3.4719606e-002 -3.5889416e-001
  2.4481216e-002 -3.5440762e-001
  2.0116973e-002 -3.5479687e-001
  2.7930847e-002 -3.4309579e-001
  2.3054220e-002 -3.5779625e-001
  3.4884181e-002 -3.2416457e-001
  3.5679039e-002 -2.6703066e-001
  3.0225366e-002 -2.5491770e-001
  3.7004359e-002 -2.1590957e-001
  3.5877557e-002 -2.1722280e-001
  2.5811249e-002 -1.7326119e-001
  2.9469032e-002 -1.6883689e-001
  2.0518297e-002 -1.2293642e-001
  1.8130521e-002 -1.5181667e-001
  4.0799595e-002 -1.1906540e-001
  3.3215839e-002 -8.5090099e-002
  2.6430545e-002 -1.0351421e-001
  3.8235890e-002 -9.6701242e-002
  1.7656443e-002 -4.4191899e-002
  2.8103581e-002 -6.0742564e-002
  2.1710960e-002 -2.9180228e-003
  2.7944917e-002  8.5133433e-003
  2.9241695e-002  3.6423729e-002
  3.5317359e-002 -1.8441280e-002
  2.1662738e-002 -2.1801221e-002
  3.1608575e-002  4.5423833e-002
  2.4747152e-002 -9.5111529e-003
  4.0551435e-002  8.7060553e-003
  3.7207529e-002  1.0763627e-002
  3.6993574e-002  2.2882381e-002
  2.4467076e-002  5.6947795e-002
  3.2188032e-002  3.8245445e-002
  2.1370111e-002  7.1266964e-002
  3.1053660e-002  6.2888712e-002
  3.6061356e-002  6.9970004e-002
  2.3650769e-002  4.3203363e-002
  1.7647856e-002  1.0125706e-001
  2.9761485e-002  7.0848898e-002
  3.9483262e-002  4.7815333e-002
  2.9547511e-002  9.8339329e-002
  3.7970230e-002  8.4047611e-002
  1.8966030e-002  7.1578293e-002
  4.0551421e-002  4.5598891e-002
  2.5701899e-002  7.6787868e-002
  2.4420464e-002  5.5562128e-002
  2.2710289e-002  1.0796620e-001
  1.9177855e-002  1.0345358e-001
  2.1890948e-002  1.2268888e-001
  3.9614944e-002  5.1439751e-002
  2.8926165e-002  5.2734475e-002
  2.2989156e-002  1.1366927e-001
  3.9837054e-002  1.1947497e-001
  2.9316140e-002  8.1951147e-002
  2.0184520e-002  1.1762756e-001
  3.9674690e-002  5.8436478e-002
  2.9030626e-002  1.1647482e-001
  1.9518833e-002  6.4295718e-002
  2.8056009e-002  8.9387788e-002
  3.4661075e-002  1.0613870e-001
  2.0464004e-002  6.1239683e-002
  2.9007517e-002  7.0060161e-002
  1.9209716e-002  9.8578487e-002
  2.4367539e-002  6.5905696e-002
  4.0828393e-002  7.0504961e-002
  3.3692666e-002  5.7500481e-002
  3.4794379e-002  1.2844736e-001
  1.8125226e-002  1.3131627e-001
  3.1504737e-002  9.3392910e-002
  2.9590278e-002  7.3036781e-002
  5.4356942e-001  9.8485886e-002
  5.3941828e-001  6.3470945e-002
  5.5073922e-001  1.0616526e-001
  5.4677222e-001  2.1583697e-001
  5.4312741e-001  2.7265999e-001
  5.3357552e-001  3.2339104e-001
  5.2950351e-001  4.5763758e-001
  5.4002061e-001  5.5578799e-001
  5.4734627e-001  6.3983506e-001
  5.4783179e-001  7.6398646e-001
  5.3147143e-001  8.0584231e-001
  5.3923325e-001  9.4298340e-001
  5.4329278e-001  1.0297104e+000
  5.4703340e-001  1.0558792e+000
  5.2932210e-001  1.1342514e+000
  5.3195595e-001  1.2758517e+000
  5.2993439e-001  1.3050699e+000
  5.4586096e-001  1.4097028e+000
  5.4927305e-001  1.4619298e+000
  5.3890444e-001  1.4921933e+000
  5.4973024e-001  1.5304759e+000
  5.4478282e-001  1.6082267e+000
  5.3537278e-001  1.6137647e+000
  5.3498943e-001  1.6830332e+000
  5.3070665e-001  1.6922681e+000
  5.5098813e-001  1.7447780e+000
  5.4310508e-001  1.8272940e+000
  5.4335639e-001  1.8142514e+000
  5.4890154e-001  1.8797061e+000
  5.4300575e-001  1.8583182e+000
  5.4037930e-001  1.8813988e+000
  5.4583243e-001  1.8848082e+000
  5.4691351e-001  1.9448862e+000
  5.3511309e-001  1.9481922e+000
  5.3156858e-001  1.9244590e+000
  5.4361322e-001  1.9985969e+000
  5.4073476e-001  1.9911484e+000
  5.3172613e-001  2.0005718e+000
  5.3738951e-001  2.0381805e+000
  5.4228377e-001  2.0448501e+000
  5.4391181e-001  2.0014711e+000
  5.3589219e-001  2.0536176e+000
  5.3260832e-001  2.0438185e+000
  5.4577299e-001  2.0400115e+000
  5.3095827e-001  2.0740889e+000
  5.4411419e-001  2.0599432e+000
  5.5046960e-001  2.0709232e+000
  5.3664961e-001  2.0387017e+000
  5.4325264e-001  2.1003039e+000
  5.5012407e-001  2.0562909e+000
  5.3641323e-001  2.0463566e+000
  5.4989136e-001  2.0526116e+000
  5.4897738e-001  2.0687211e+000
  5.3555980e-001  2.0504267e+000
  5.3083490e-001  2.0473868e+000
  5.3988721e-001  2.1031295e+000
  5.4711636e-001  2.1098912e+000
  5.4947130e-001  2.1165111e+000
  5.3589319e-001  2.1138738e+000
  5.3425068e-001  2.1004797e+000
  5.3520082e-001  2.0983819e+000
  5.4810678e-001  2.0581243e+000
  5.4443649e-001  2.0442008e+000
  5.5153184e-001  2.0763613e+000
  5.5255896e-001  2.0840410e+000
  5.4032714e-001  2.1127395e+000
  5.4069754e-001  2.1181513e+000
  5.4129482e-001  2.0838106e+000
  5.2947728e-001  2.1177374e+000
  9.7112187e-001  2.0948659e+000
  9.7500417e-001  2.0461144e+000
  9.6512731e-001  2.0909431e+000
  9.7481705e-001  2.1555110e+000
  9.8043778e-001  2.1195165e+000
  9.8200105e-001  2.1825570e+000
  9.7266710e-001  2.2430477e+000
  9.6840519e-001  2.2583706e+000
  9.6442539e-001  2.2749529e+000
  9.7266671e-001  2.3262949e+000
  9.6377238e-001  2.3634901e+000
  9.7392670e-001  2.4411911e+000
  9.7544841e-001  2.4398656e+000
  9.8078083e-001  2.5077939e+000
  9.6143061e-001  2.5510122e+000
  9.7683495e-001  2.5766257e+000
  9.7803601e-001  2.5693613e+000
  9.6768048e-001  2.6377769e+000
  9.7445115e-001  2.6165435e+000
  9.6602726e-001  2.6468267e+000
  9.8365326e-001  2.6792987e+000
  9.6064649e-001  2.7427470e+000
  9.7030226e-001  2.6971029e+000
  9.7254479e-001  2.7662248e+000
  9.8351498e-001  2.7760335e+000
  9.8358681e-001  2.8130595e+000
  9.8120201e-001  2.7559727e+000
  9.6022456e-001  2.8166220e+000
  9.7884924e-001  2.8063441e+000
  9.7128686e-001  2.8245585e+000
  9.6828067e-001  2.8142634e+000
  9.7096734e-001  2.8742666e+000
  9.7361745e-001  2.8814146e+000
  9.6332135e-001  2.8348020e+000
  9.6546209e-001  2.8305218e+000
  9.6384128e-001  2.9025542e+000
  9.6226486e-001  2.8573936e+000
  9.7680909e-001  2.8885571e+000
  9.7892700e-001  2.9060594e+000
  9.8111232e-001  2.8884929e+000
  9.6153150e-001  2.8802635e+000
  9.7940773e-001  2.8965650e+000
  9.6086032e-001  2.9279075e+000
  9.6878541e-001  2.9186853e+000
  9.7150739e-001  2.9038158e+000
  9.6026619e-001  2.9163398e+000
  9.7150944e-001  2.8684657e+000
  9.7988298e-001  2.9432468e+000
  9.6276492e-001  2.9342857e+000
  9.7400421e-001  2.9013682e+000
  9.6800964e-001  2.9341158e+000
  9.6402633e-001  2.9212186e+000
  9.7177494e-001  2.9312533e+000
  9.8308349e-001  2.8873081e+000
  9.6329391e-001  2.8734699e+000
  9.7855508e-001  2.8893155e+000
  9.8200982e-001  2.8814216e+000
  9.7955977e-001  2.9430577e+000
  9.7361252e-001  2.8754282e+000
  9.7805073e-001  2.9421597e+000
  9.6444344e-001  2.9429930e+000
  9.8347176e-001  2.9011050e+000
  9.6538505e-001  2.8908133e+000
  9.6646718e-001  2.9459169e+000
  9.6601195e-001  2.8873456e+000
  9.7710917e-001  2.9392657e+000
  9.7218478e-001  2.8952779e+000
  9.8340584e-001  2.9388133e+000
  9.6083586e-001  2.9230289e+000
 -4.4338032e-002  2.8775586e+000
 -4.1233140e-002  2.8821245e+000
 -2.7733618e-002  2.8436401e+000
 -2.4258009e-002  2.7650124e+000
 -3.0040820e-002  2.6652748e+000
 -3.0360273e-002  2.5642162e+000
 -3.1383685e-002  2.3709363e+000
 -3.6784279e-002  2.2231366e+000
 -2.9231012e-002  2.1383382e+000
 -4.5493017e-002  1.9753001e+000
 -4.4342604e-002  1.8502702e+000
 -4.0071930e-002  1.6604990e+000
 -3.1548576e-002  1.5157195e+000
 -3.5711297e-002  1.4404387e+000
 -3.4832010e-002  1.2680596e+000
 -2.5395287e-002  1.1400338e+000
 -3.6004274e-002  1.0742282e+000
 -4.4167800e-002  9.5563945e-001
 -4.3541560e-002  8.3966042e-001
 -4.0151429e-002  7.8002448e-001
 -2.8026367e-002  7.2535879e-001
 -3.2954056e-002  6.1167188e-001
 -3.1508346e-002  5.7670225e-001
 -4.0252107e-002  4.7301442e-001
 -3.3769379e-002  4.7012203e-001
 -3.8049528e-002  4.1353151e-001
 -3.0521506e-002  2.9246160e-001
 -4.3540011e-002  2.5114239e-001
 -4.0933077e-002  2.7905756e-001
 -3.9630599e-002  2.3441876e-001
 -3.8335988e-002  1.6815493e-001
 -3.9174041e-002  1.1278571e-001
 -3.4938308e-002  1.2482094e-001
 -4.1808259e-002  1.0458710e-001
 -2.7829296e-002  9.6441326e-002
 -3.3091772e-002  2.7588004e-002
 -4.1509692e-002  7.1581031e-002
 -3.7787571e-002  2.5636754e-002
 -3.2868259e-002 -1.9498763e-002
 -2.4511945e-002 -1.7998641e-002
 -4.5153202e-002 -9.3267183e-003
 -3.2248108e-002 -3.8844451e-003
 -4.5632633e-002 -1.4852173e-002
 -4.0901069e-002 -5.0831511e-002
 -4.2006730e-002 -3.4240961e-002
 -2.6578472e-002 -3.0494607e-002
 -4.6658115e-002 -8.5685246e-002
 -4.4479692e-002 -9.1271308e-002
 -3.0921404e-002 -3.4109031e-002
 -3.6257059e-002 -8.9706031e-002
 -3.8619566e-002 -4.2069124e-002
 -3.3943206e-002 -1.0242901e-001
 -3.6834149e-002 -6.4680622e-002
 -3.9006220e-002 -1.0015235e-001
 -2.7189930e-002 -8.3167116e-002
 -3.3390955e-002 -8.3934150e-002
 -4.7147776e-002 -1.0752162e-001
 -3.9319601e-002 -6.3118360e-002
 -4.4998645e-002 -1.2735639e-001
 -2.4603091e-002 -9.0884571e-002
 -3.8505770e-002 -9.0433504e-002
 -2.7060771e-002 -1.0238738e-001
 -3.7457343e-002 -9.9989752e-002
 -4.1588198e-002 -1.3250711e-001
 -2.9572608e-002 -9.6364980e-002
 -4.4783428e-002 -7.9074942e-002
 -3.7912640e-002 -1.1516474e-001
 -2.8327290e-002 -1.2898864e-001
 -3.4336669e-002 -9.1815673e-002
 -8.6320643e-001 -1.0661061e-001
 -8.5428754e-001 -1.0883055e-001
 -8.6290276e-001 -1.0444451e-001
 -8.6254469e-001 -6.0567866e-002
 -8.5672737e-001 -1.4179267e-003
 -8.6842628e-001  2.6953305e-002
 -8.6633729e-001  5.7905475e-002
 -8.6833733e-001  1.3909312e-001
 -8.5066991e-001  1.8010515e-001
 -8.5960681e-001  1.8906340e-001
 -8.5896703e-001  2.5699038e-001
 -8.7088046e-001  3.0581920e-001
 -8.5561841e-001  3.9217753e-001
 -8.5897058e-001  3.9376558e-001
 -8.6643373e-001  4.7255011e-001
 -8.5894174e-001  4.9557806e-001
 -8.6404904e-001  5.7943364e-001
 -8.6983603e-001  5.5443038e-001
 -8.6491197e-001  6.1385622e-001
 -8.5185696e-001  6.2213322e-001
 -8.5741290e-001  7.0562882e-001
 -8.5712058e-001  6.6342246e-001
 -8.6622114e-001  7.0578081e-001
 -8.6875598e-001  7.3637997e-001
 -8.6042830e-001  7.4960970e-001
 -8.7398417e-001  7.8387760e-001
 -8.6302322e-001  7.8053112e-001
 -8.5348048e-001  8.2399867e-001
 -8.5354220e-001  8.7417994e-001
 -8.7070657e-001  8.2539957e-001
 -8.6671282e-001  8.9214306e-001
 -8.6405898e-001  9.0105832e-001
 -8.5749480e-001  8.4903354e-001
 -8.6428599e-001  8.8173792e-001
 -8.6782201e-001  9.1800589e-001
 -8.6193759e-001  9.2165654e-001
 -8.5289716e-001  8.7986101e-001
 -8.6721533e-001  9.3762662e-001
 -8.6077696e-001  9.4697145e-001
 -8.6333343e-001  9.0528456e-001
 -8.6744932e-001  9.4412294e-001
 -8.6067429e-001  9.1709176e-001
 -8.5311353e-001  9.6464045e-001
 -8.7096360e-001  9.0175660e-001
 -8.7412543e-001  9.1528093e-001
 -8.7287538e-001  9.2566709e-001
 -8.6105946e-001  9.3169528e-001
 -8.6979890e-001  9.8091371e-001
 -8.5443370e-001  9.6482285e-001
 -8.6372789e-001  9.1322407e-001
 -8.5100303e-001  9.5196174e-001
 -8.5783776e-001  9.5036821e-001
 -8.5988120e-001  9.1652639e-001
 -8.5923697e-001  9.2211634e-001
 -8.6121021e-001  9.4776321e-001
 -8.7388657e-001  9.3224713e-001
 -8.6712843e-001  9.5819502e-001
 -2.7765510e-002  9.2558662e-001
