  5.4407364e-003 -3.4979107e-002
 -2.5840883e-003 -2.3535932e-002
  9.2677659e-003 -3.4241400e-002
  1.1046492e-002 -3.8535758e-002
  1.8723826e-003  3.1133277e-003
 -4.2063124e-003  3.2101870e-002
 -1.0986118e-002  2.5985884e-002
 -2.4825959e-003 -5.0522361e-003
  5.5243075e-003 -3.2281432e-002
  2.5673307e-003 -7.4549799e-003
  3.5889959e-001 -9.2640329e-003
  3.4766773e-001  1.1515298e-002
  3.4292395e-001  2.6691667e-002
  3.5986116e-001  3.4946688e-002
  3.6050620e-001  1.1823323e-001
  3.4367505e-001  1.5228139e-001
  3.6003148e-001  2.5915848e-001
  3.6036027e-001  3.1573941e-001
  3.6064463e-001  3.8247896e-001
  3.6119134e-001  4.3259464e-001
  3.5585326e-001  4.9835887e-001
  3.5363215e-001  5.2546083e-001
  3.5557110e-001  6.0830495e-001
  3.4463562e-001  6.9479859e-001
  3.6062738e-001  7.1679456e-001
  3.4806497e-001  7.5854968e-001
  3.6037253e-001  8.4531863e-001
  3.6244268e-001  8.8550343e-001
  3.6103206e-001  8.9197362e-001
  3.4983487e-001  9.7852595e-001
  3.4684490e-001  9.8453824e-001
  3.4419524e-001  1.0662242e+000
  3.6092626e-001  1.0860680e+000
  3.5393691e-001  1.0948445e+000
  3.5238017e-001  1.1097167e+000
  3.5567756e-001  1.1654531e+000
  3.4914385e-001  1.1359350e+000
  3.4654233e-001  1.2013204e+000
  3.5694969e-001  1.1824828e+000
  3.5329556e-001  1.1952473e+000
  3.4410764e-001  1.2113069e+000
  3.4316478e-001  1.2328200e+000
  3.5897420e-001  1.2874063e+000
  3.4746067e-001  1.2942075e+000
  3.5848993e-001  1.2769942e+000
  3.5477148e-001  1.2534021e+000
  3.6010593e-001  1.3006214e+000
  3.5914263e-001  1.3048661e+000
  3.5510258e-001  1.2671190e+000
  3.4809382e-001  1.3136736e+000
  3.4995590e-001  1.2986969e+000
  3.5998108e-001  1.3196046e+000
  3.5509353e-001  1.3039265e+000
  3.4440456e-001  1.3619417e+000
  3.5591686e-001  1.3095116e+000
  3.5164017e-001  1.3494573e+000
  3.5192593e-001  1.3168126e+000
  3.4463805e-001  1.3546189e+000
  3.4981582e-001  1.3260441e+000
  3.5036415e-001  1.3403903e+000
  3.5613675e-001  1.3866324e+000
  3.5781819e-001  1.3171965e+000
  3.4680613e-001  1.3723645e+000
  3.4526072e-001  1.3896242e+000
  3.4460003e-001  1.3225073e+000
  3.4782227e-001  1.3695623e+000
  3.4247934e-001  1.3653744e+000
  3.6204820e-001  1.3423742e+000
  3.5910438e-001  1.3675678e+000
  3.5155415e-001  1.3675594e+000
  3.4514926e-001  1.3366571e+000
  3.5478825e-001  1.3721504e+000
  3.6102212e-001  1.3409817e+000
  3.5036326e-001  1.3934554e+000
  3.5300294e-001  1.3763397e+000
  3.5241393e-001  1.3579194e+000
  3.5873858e-001  1.3530881e+000
  3.6103940e-001  1.3816338e+000
  3.4695684e-001  1.3449115e+000
 -4.8253226e-001  1.3964837e+000
 -4.6617753e-001  1.3603846e+000
 -4.7280508e-001  1.3440972e+000
 -4.8008957e-001  1.2606873e+000
 -4.8065852e-001  1.1936857e+000
 -4.8173704e-001  1.1210603e+000
 -4.7210573e-001  9.9979979e-001
 -4.7668587e-001  9.3305166e-001
 -4.7643689e-001  8.2891049e-001
 -4.8639768e-001  7.5599290e-001
 -4.7327987e-001  6.7708696e-001
 -4.8279598e-001  5.4247673e-001
 -4.6762406e-001  4.9512122e-001
 -4.8673572e-001  3.7218613e-001
 -4.7153998e-001  2.6832708e-001
 -4.7905692e-001  2.1590734e-001
 -4.6838896e-001  1.0770666e-001
 -4.6932174e-001  9.6834684e-002
 -4.7411529e-001 -2.3969862e-002
 -4.6634812e-001 -3.6527378e-002
 -4.6896969e-001 -1.1461918e-001
 -4.7834562e-001 -1.4793720e-001
 -4.6794385e-001 -1.6279083e-001
 -4.8189857e-001 -2.0165121e-001
 -4.7442069e-001 -2.2859499e-001
 -4.6724799e-001 -2.9669199e-001
 -4.8000735e-001 -3.5006976e-001
 -4.6844727e-001 -3.9901724e-001
 -4.7489622e-001 -3.8579536e-001
 -4.8753901e-001 -4.2955683e-001
 -4.7243405e-001 -4.3574573e-001
 -4.8666508e-001 -4.8883495e-001
 -4.6922818e-001 -4.5853809e-001
 -4.8848369e-001 -5.0106741e-001
 -4.8102081e-001 -4.6450436e-001
 -4.6874621e-001 -4.8140491e-001
 -4.7733875e-001 -5.2734166e-001
 -4.7561614e-001 -5.5460366e-001
 -4.7288651e-001 -5.3836860e-001
 -4.6899339e-001 -5.3512947e-001
 -4.8467003e-001 -5.3969006e-001
 -4.8045852e-001 -5.7465344e-001
 -4.7048835e-001 -5.5698684e-001
 -4.7779541e-001 -6.0046068e-001
 -4.8732441e-001 -5.9991930e-001
 -4.8021424e-001 -5.7620429e-001
 -4.6815924e-001 -5.7612724e-001
 -4.8604558e-001 -5.8962182e-001
 -4.7137945e-001 -6.0486327e-001
 -4.6623578e-001 -5.6593398e-001
 -4.8595193e-001 -6.1980953e-001
 -4.6797697e-001 -6.3718973e-001
 -4.8119403e-001 -6.3315559e-001
 -4.7311307e-001 -6.4523739e-001
 -4.8796308e-001 -5.8853725e-001
 -4.8112946e-001 -5.9834902e-001
 -4.6909868e-001 -6.4735011e-001
 -4.7891257e-001 -6.4412093e-001
 -4.8718622e-001 -5.9139725e-001
 -4.7731658e-001 -6.2162795e-001
 -4.7959395e-001 -6.2692331e-001
 -4.7094249e-001 -5.9540041e-001
 -4.6773761e-001 -5.9372072e-001
 -4.7344657e-001 -6.2608720e-001
 -4.7550507e-001 -6.2814883e-001
 -4.7766270e-001 -6.4031449e-001
 -4.6903134e-001 -6.3338553e-001
 -4.8088287e-001 -6.1928455e-001
 -4.7558688e-001 -5.8576703e-001
 -4.4821917e-002 -6.3275890e-001
 -2.8529478e-002 -5.8456587e-001
 -3.6750198e-002 -6.2403675e-001
 -4.1037156e-002 -5.9869621e-001
 -4.2337269e-002 -6.0183632e-001
 -3.1930859e-002 -5.3848769e-001
 -4.2936147e-002 -5.1189654e-001
 -4.6002892e-002 -5.4432617e-001
 -2.6438501e-002 -4.5097625e-001
 -4.1752747e-002 -4.3637066e-001
 -4.4333868e-002 -4.2867844e-001
 -4.4056230e-002 -4.4553364e-001
 -2.8131142e-002 -3.7616817e-001
 -2.4044938e-002 -3.9168791e-001
 -4.3634289e-002 -3.7084788e-001
 -3.1149618e-002 -3.2990152e-001
 -2.6404829e-002 -3.3017175e-001
 -4.4113334e-002 -2.6388721e-001
 -4.5769153e-002 -2.5147459e-001
 -2.4655089e-002 -2.6171214e-001
 -3.4649909e-002 -2.1146070e-001
 -2.6696312e-002 -2.1143002e-001
 -2.3981041e-002 -2.1703682e-001
 -4.2920240e-002 -2.3315290e-001
 -4.2819673e-002 -1.9587856e-001
 -2.5270130e-002 -2.2221829e-001
 -3.8806370e-002 -1.4734226e-001
 -4.2133198e-002 -1.5520360e-001
 -2.6052869e-002 -1.7523199e-001
 -3.5029492e-002 -1.6217870e-001
 -3.3389987e-002 -1.7599234e-001
 -2.2569427e-002 -1.9261784e-001
 -4.3563600e-002 -1.2281558e-001
 -3.0949074e-002 -1.2020329e-001
 -4.3091731e-002 -1.2281199e-001
 -2.4578330e-002 -1.7463223e-001
 -2.4176595e-002 -1.2268455e-001
 -3.2913882e-002 -1.2640117e-001
 -3.8396214e-002 -1.6879566e-001
 -2.4325761e-002 -8.7606384e-002
 -3.5824145e-002 -9.0291212e-002
 -2.7439314e-002 -1.0308182e-001
 -4.0670821e-002 -1.0463369e-001
 -4.0303320e-002 -1.1901818e-001
 -4.4771422e-002 -1.5611138e-001
 -3.3408379e-002 -9.7161443e-002
 -3.4547678e-002 -1.3786795e-001
 -2.7039893e-002 -1.1710354e-001
 -2.9986961e-002 -1.3426913e-001
 -2.9496448e-002 -1.5315523e-001
 -3.7699384e-002 -1.0129975e-001
 -3.2905670e-002 -1.2113026e-001
 -3.3495090e-002 -1.1867670e-001
 -3.7018464e-002 -1.3557098e-001
 -2.8209394e-002 -8.8022322e-002
 -2.9923424e-002 -9.4371001e-002
 -3.2053125e-002 -1.4471016e-001
 -4.4518064e-002 -8.0815028e-002
 -4.2634017e-002 -1.1683124e-001
 -3.8526178e-002 -1.4729142e-001
 -2.5283753e-002 -1.1864778e-001
 -2.7282876e-002 -7.7002039e-002
 -3.0077452e-002 -1.0780872e-001
 -3.6634572e-002 -1.0062190e-001
 -2.3349342e-002 -9.2283205e-002
 -2.5781632e-002 -1.1765417e-001
 -3.6902957e-002 -1.2542540e-001
 -2.9907791e-002 -6.9627394e-002
 -3.5024741e-002 -7.7059418e-002
 -4.3410449e-002 -1.3925226e-001
 -4.1260858e-002 -7.7127224e-002
 -4.1793479e-002 -9.7765829e-002
 -3.3062299e-002 -7.2667051e-002
 -3.9273871e-002 -1.1395134e-001
 -4.6394559e-002 -1.1401235e-001
 -3.2556546e-002 -7.7541099e-002
 -3.3918655e-002 -7.7984542e-002
 -3.2495947e-002 -1.0914343e-001
 -3.5344044e-002 -1.2377784e-001
 -2.3107613e-002 -1.2181421e-001
 -3.9588546e-002 -1.0955631e-001
 -4.0514482e-002 -1.3730383e-001
 -4.2106949e-002 -1.4629636e-001
 -2.6376642e-002 -7.8163141e-002
 -4.3949369e-002 -1.4247092e-001
 -2.7408339e-002 -1.3454101e-001
 -2.6400741e-002 -9.6197042e-002
 -3.5093153e-002 -1.2482683e-001
 -2.6092820e-002 -8.0937037e-002
 -2.9976718e-002 -9.1630478e-002
 -3.1918911e-002 -1.4540924e-001
 -3.1874603e-002 -9.0870554e-002
 -2.4910703e-002 -9.4369964e-002
 -2.3427526e-002 -7.7608564e-002
 -3.0961990e-002 -7.6380380e-002
 -4.3495213e-002 -1.2469866e-001
 -4.6228765e-002 -1.1273873e-001
 -4.1889929e-002 -1.3908128e-001
 -3.8997466e-002 -1.4258588e-001
 -3.3629820e-002 -1.0700476e-001
 -3.7477834e-002 -1.3919610e-001
 -4.5862735e-002 -1.2315742e-001
 -3.5012951e-002 -1.2206774e-001
 -3.6361220e-002 -1.1004559e-001
 -3.9638434e-002 -9.6262539e-002
 -2.6398630e-002 -1.4878408e-001
 -3.4078170e-002 -9.1066445e-002
 -3.8526730e-002 -9.2533382e-002
 -4.4971605e-002 -1.3050430e-001
 -3.7271475e-002 -7.4527774e-002
 -3.5886207e-002 -1.4099448e-001
 -4.1693834e-002 -1.3951885e-001
 -4.5361976e-002 -1.3831431e-001
 -2.9678467e-002 -7.5649548e-002
 -4.1909410e-002 -1.3764307e-001
 -3.9902253e-002 -1.4087752e-001
 -3.3206528e-002 -1.2108464e-001
 -2.8755294e-002 -8.3770888e-002
 -2.7320357e-002 -7.3910233e-002
 -3.5366619e-002 -8.3578310e-002
 -3.5752576e-002 -1.4361623e-001
 -3.5018397e-002 -1.0148646e-001
 -2.8840238e-002 -1.3416127e-001
 -3.9989178e-002 -1.0325908e-001
 -2.7492660e-002 -7.6337551e-002
 -3.0161044e-002 -1.1804990e-001
 -4.6906111e-002 -7.5295087e-002
 -4.3245841e-002 -9.1156923e-002
 -3.1213794e-002 -1.4505743e-001
 -2.6434851e-002 -1.3884676e-001
 -3.7586693e-002 -8.1027290e-002
 -3.0422470e-002 -1.2455076e-001
 -2.3484728e-002 -8.9315484e-002
 -2.4985185e-002 -7.9899192e-002
 -3.4660809e-002 -1.0992779e-001
 -3.1822172e-002 -1.1268642e-001
 -3.7906547e-002 -9.5557918e-002
 -4.4851969e-002 -1.2675622e-001
 -1.9326496e-001 -9.7954604e-002
 -1.9680335e-001 -7.7837535e-002
 -1.7511356e-001 -9.2188109e-002
 -1.8773641e-001 -1.0956466e-001
 -1.8043978e-001 -1.2537649e-001
 -1.8088669e-001 -1.4905990e-001
 -1.8754091e-001 -1.6313880e-001
 -1.8806392e-001 -2.0294155e-001
 -1.7953082e-001 -2.0278618e-001
 -1.8443338e-001 -2.6493271e-001
 -1.8857649e-001 -2.7257763e-001
 -1.9132905e-001 -2.8223159e-001
 -1.9138918e-001 -2.5420575e-001
 -1.8156668e-001 -3.2472969e-001
 -1.8232795e-001 -3.3606881e-001
 -1.8554247e-001 -3.0467452e-001
 -1.7772301e-001 -3.4968014e-001
 -1.9727033e-001 -3.2182468e-001
 -1.7743040e-001 -3.6245214e-001
 -1.8381339e-001 -3.7710379e-001
 -1.9737125e-001 -3.7714785e-001
 -1.7526123e-001 -4.1304562e-001
 -1.7733891e-001 -3.7014340e-001
 -1.9154806e-001 -4.2420816e-001
 -1.8578494e-001 -3.8742151e-001
 -1.9046689e-001 -4.0699824e-001
 -1.9005779e-001 -4.0067394e-001
 -1.8650682e-001 -4.4202427e-001
 -1.7958137e-001 -4.7811972e-001
 -1.8738249e-001 -4.4665726e-001
 -1.7504879e-001 -4.4438481e-001
 -1.8986684e-001 -4.4697599e-001
 -1.7849214e-001 -4.3877435e-001
 -1.9800486e-001 -4.4013564e-001
 -1.8018269e-001 -4.9429088e-001
 -1.9084154e-001 -4.6531059e-001
 -1.9257517e-001 -5.0467888e-001
 -1.8323674e-001 -4.5041056e-001
 -1.7563167e-001 -4.9148381e-001
 -1.8480143e-001 -4.5847556e-001
 -1.7801777e-001 -4.4564482e-001
 -1.8629606e-001 -4.4283067e-001
 -1.8892886e-001 -5.1802302e-001
 -1.8586220e-001 -4.5613286e-001
 -1.9193747e-001 -4.7013966e-001
 -1.8249729e-001 -4.8496589e-001
 -1.8905458e-001 -5.0256774e-001
 -1.9558818e-001 -5.0297795e-001
 -1.8485519e-001 -4.5330878e-001
 -1.9585152e-001 -4.5020203e-001
 -1.7621551e-001 -4.5017904e-001
 -1.9106975e-001 -4.7702130e-001
 -1.8151748e-001 -5.1703874e-001
 -1.7889304e-001 -5.1429982e-001
 -1.9731945e-001 -4.5500076e-001
 -1.9312860e-001 -5.1028623e-001
 -1.8425907e-001 -5.1290181e-001
 -1.7891599e-001 -4.6573334e-001
 -1.8230555e-001 -4.9572200e-001
 -1.9768251e-001 -4.7014848e-001
 -1.8240231e-001 -5.1935650e-001
 -1.7726767e-001 -5.2417022e-001
 -1.9743444e-001 -5.1753567e-001
 -1.9648220e-001 -5.1500917e-001
 -1.8927002e-001 -4.8941895e-001
 -1.7735830e-001 -5.1145269e-001
 -1.8272721e-001 -4.5385006e-001
 -1.7903520e-001 -5.2882274e-001
 -1.7797669e-001 -4.6930809e-001
  7.4134474e-001 -4.7492249e-001
  7.3995447e-001 -4.7314948e-001
  7.3720729e-001 -4.4876922e-001
  7.3683310e-001 -3.5296758e-001
  7.2826968e-001 -2.4483414e-001
  7.2691560e-001 -1.3126263e-001
  7.4558791e-001  4.5171416e-002
  7.4240343e-001  1.7695410e-001
  7.3290528e-001  3.3023851e-001
  7.3084514e-001  5.1345537e-001
  7.3566712e-001  6.7377047e-001
  7.4139250e-001  8.0536076e-001
  7.3164274e-001  9.1930173e-001
  7.2717127e-001  1.0975350e+000
  7.2835399e-001  1.2130712e+000
  7.3397715e-001  1.3768035e+000
  7.4078251e-001  1.4381296e+000
  7.3648922e-001  1.5350863e+000
  7.4778174e-001  1.6209643e+000
  7.3880846e-001  1.7089630e+000
  7.4614663e-001  1.8039169e+000
  7.3863537e-001  1.8862236e+000
  7.3572622e-001  1.9696678e+000
  7.3116856e-001  2.0763053e+000
  7.4353034e-001  2.0774693e+000
  7.3498251e-001  2.1652557e+000
  7.3952217e-001  2.2184572e+000
  7.4156086e-001  2.2464456e+000
  7.4430485e-001  2.2671709e+000
  7.3704094e-001  2.3622184e+000
  7.2671380e-001  2.3854486e+000
  7.3093251e-001  2.4147085e+000
  7.3244514e-001  2.4056572e+000
  7.3860682e-001  2.4865528e+000
  7.3218293e-001  2.4881217e+000
  7.4150663e-001  2.4705815e+000
  7.4285504e-001  2.4876650e+000
  7.4447044e-001  2.5410040e+000
  7.3248048e-001  2.5141869e+000
  7.3090363e-001  2.5259969e+000
  7.4637916e-001  2.6018927e+000
  7.3132156e-001  2.5616308e+000
  7.4350503e-001  2.5564038e+000
  7.4056031e-001  2.5833535e+000
  7.2981983e-001  2.6203279e+000
  7.3996728e-001  2.6245281e+000
  7.3585551e-001  2.5868351e+000
  7.3436149e-001  2.6155184e+000
  7.3939958e-001  2.6649349e+000
  7.4675665e-001  2.6610981e+000
  7.3710514e-001  2.6206428e+000
  7.3472593e-001  2.6351659e+000
  7.3616155e-001  2.6611744e+000
  7.3393609e-001  2.6102320e+000
  7.4800797e-001  2.6478213e+000
  7.4901090e-001  2.6224082e+000
  7.4313820e-001  2.6586705e+000
  7.2844024e-001  2.6502538e+000
  7.4563420e-001  2.6994906e+000
  7.3271699e-001  2.6745944e+000
  7.4269879e-001  2.6695143e+000
  7.4813585e-001  2.6855625e+000
  7.2846453e-001  2.6894986e+000
  7.3334229e-001  2.6992649e+000
  7.4469797e-001  2.6521230e+000
  7.3867051e-001  2.6415165e+000
  7.4102565e-001  2.6972687e+000
  7.2907547e-001  2.6516821e+000
  7.3966826e-001  2.6456170e+000
  7.6065042e-001  2.6637174e+000
  7.5515326e-001  2.6389230e+000
  7.5985481e-001  2.6325007e+000
  7.3897459e-001  2.6361103e+000
  7.5510293e-001  2.6798573e+000
  7.3966827e-001  2.6561237e+000
  7.5506477e-001  2.6780412e+000
  7.3879935e-001  2.6868921e+000
  7.5174615e-001  2.6537559e+000
  7.4492352e-001  2.6464546e+000
  7.4764578e-001  2.7183409e+000
  7.6070153e-001  2.6980344e+000
  7.4245831e-001  2.7033177e+000
  7.4955081e-001  2.6915959e+000
  7.3984159e-001  2.6868328e+000
  7.5787447e-001  2.6792103e+000
  7.5316186e-001  2.6552200e+000
  7.3787690e-001  2.6794704e+000
  7.6068935e-001  2.7121988e+000
  7.4307073e-001  2.6665682e+000
  7.4320979e-001  2.6940559e+000
  7.5636897e-001  2.7184180e+000
  7.6151013e-001  2.6920700e+000
  7.5081937e-001  2.6825829e+000
  7.4015676e-001  2.7181607e+000
  7.3904286e-001  2.6634352e+000
  7.4313004e-001  2.7229912e+000
  7.4512408e-001  2.7060098e+000
  7.5718814e-001  2.6847200e+000
  7.5823664e-001  2.6638146e+000
  7.4115837e-001  2.7362937e+000
  7.4280792e-001  2.6640589e+000
  7.3833542e-001  2.7217457e+000
  7.4578102e-001  2.6703166e+000
  7.5392688e-001  2.7347504e+000
  7.6062254e-001  2.7222741e+000
  7.3889549e-001  2.6679541e+000
  7.5477486e-001  2.7284756e+000
  7.4325461e-001  2.7279330e+000
  7.4153526e-001  2.6951503e+000
  7.5554573e-001  2.6622235e+000
  7.6099922e-001  2.6708458e+000
  7.4658098e-001  2.7381530e+000
  7.5342010e-001  2.6983620e+000
  7.5405260e-001  2.7335165e+000
  7.4073519e-001  2.6634992e+000
  7.6091581e-001  2.6839313e+000
  7.4351418e-001  2.7294601e+000
  7.5048121e-001  2.6622231e+000
  7.5764964e-001  2.7361970e+000
  7.5407012e-001  2.7001616e+000
  7.5010648e-001  2.7324103e+000
  7.4752952e-001  2.7053112e+000
  7.4117751e-001  2.7172362e+000
  7.4358576e-001  2.7317459e+000
  7.5446787e-001  2.7223275e+000
  7.4773513e-001  2.7063305e+000
  7.4135067e-001  2.7227879e+000
  7.5721624e-001  2.7193866e+000
  7.4000072e-001  2.6846751e+000
  7.5865381e-001  2.6997194e+000
  7.5006625e-001  2.7188918e+000
  7.4162405e-001  2.7023174e+000
  7.5559524e-001  2.7154174e+000
  7.4802072e-001  2.7137328e+000
  7.4147970e-001  2.7208863e+000
  7.3973523e-001  2.7103670e+000
  7.5842979e-001  2.7027179e+000
  7.5634633e-001  2.7085619e+000
 -2.7616056e-001  2.7236304e+000
 -2.7573732e-001  2.7087821e+000
 -2.6800123e-001  2.6116054e+000
 -2.8143319e-001  2.5422252e+000
 -2.6251569e-001  2.4365372e+000
 -2.5931761e-001  2.2806762e+000
 -2.6456656e-001  2.1466338e+000
 -2.6038733e-001  1.9586484e+000
 -2.8000089e-001  1.7887427e+000
 -2.6074878e-001  1.6737554e+000
 -2.6289899e-001  1.4640301e+000
 -2.6712227e-001  1.3325641e+000
 -2.5859687e-001  1.1699598e+000
 -2.7741401e-001  1.0042783e+000
 -2.5879128e-001  9.4323014e-001
 -2.8202817e-001  7.4841119e-001
 -2.7308368e-001  6.5834682e-001
 -2.6905633e-001  5.6610148e-001
 -2.6903569e-001  4.3873857e-001
 -2.7130226e-001  3.8208584e-001
 -2.7192343e-001  2.7152310e-001
 -2.7773121e-001  2.1926300e-001
 -2.7786069e-001  1.1148105e-001
 -2.6211539e-001  1.2057735e-002
 -2.6598160e-001 -3.3482163e-002
 -2.7347638e-001 -1.0225360e-001
 -2.7800293e-001 -1.6347737e-001
 -2.7643393e-001 -1.5562991e-001
 -2.7544251e-001 -2.5479313e-001
 -2.6106960e-001 -2.9593030e-001
 -2.5878589e-001 -3.2175010e-001
 -2.8055306e-001 -3.2820269e-001
 -2.7423994e-001 -3.3103410e-001
 -2.8044520e-001 -4.0094364e-001
 -2.6743363e-001 -4.2166524e-001
 -2.7652479e-001 -4.0991090e-001
 -2.7234740e-001 -4.5217075e-001
 -2.7034999e-001 -5.0241128e-001
 -2.7588578e-001 -4.9841940e-001
 -2.6965010e-001 -5.3449566e-001
 -2.6330848e-001 -5.2427591e-001
 -2.7963439e-001 -5.0733104e-001
 -2.6455764e-001 -5.2221101e-001
 -2.7105113e-001 -5.7177380e-001
 -2.5859597e-001 -5.8972249e-001
 -2.7136061e-001 -5.8388811e-001
 -2.6958231e-001 -5.6549341e-001
 -2.8045048e-001 -5.9510609e-001
 -2.5929141e-001 -5.5012754e-001
 -2.6763211e-001 -5.6797385e-001
 -2.7177448e-001 -6.2477306e-001
 -2.6072798e-001 -5.9138065e-001
 -2.6081459e-001 -6.2393926e-001
 -2.7953328e-001 -6.2307205e-001
 -2.7639814e-001 -6.2634060e-001
 -2.6808792e-001 -6.1348744e-001
 -2.7805356e-001 -6.0794822e-001
 -2.7619172e-001 -5.7852811e-001
 -2.7839738e-001 -5.7466690e-001
 -2.7036467e-001 -5.8823541e-001
 -2.6753090e-001 -6.4884232e-001
 -2.7261939e-001 -5.7778531e-001
 -2.8031560e-001 -6.0724594e-001
 -2.7417336e-001 -5.8238035e-001
 -2.6986978e-001 -5.8416119e-001
 -2.5875118e-001 -5.9430519e-001
 -2.8003432e-001 -6.4223371e-001
 -2.6743587e-001 -6.2032204e-001
 -2.6807210e-001 -6.0783549e-001
  1.7611036e-001 -6.2048446e-001
  1.6877130e-001 -6.1913672e-001
  1.6102663e-001 -5.8431975e-001
  1.6273316e-001 -6.0266397e-001
  1.7843429e-001 -5.5348204e-001
  1.8013554e-001 -5.0854342e-001
  1.6009082e-001 -3.8606047e-001
  1.6959616e-001 -3.4317454e-001
  1.6483528e-001 -2.9698216e-001
  1.7614351e-001 -1.9573165e-001
  1.7498273e-001 -2.0892264e-001
  1.6395288e-001 -1.3850462e-001
  1.7596377e-001 -6.3073331e-002
  1.7771319e-001 -2.6295106e-002
  1.6718546e-001  6.1327297e-002
  1.8008888e-001  7.8233103e-002
  1.5789352e-001  1.3398911e-001
  1.7225781e-001  1.5083048e-001
  1.6133002e-001  2.4282564e-001
  1.6666839e-001  2.8875351e-001
  1.6771433e-001  2.4750159e-001
  1.7386803e-001  3.1216778e-001
  1.6678977e-001  3.4890812e-001
  1.6361527e-001  3.5581447e-001
  1.7597343e-001  4.2307093e-001
  1.6189121e-001  3.8634804e-001
  1.8148436e-001  4.6964259e-001
  1.6522969e-001  4.5887412e-001
  1.6041561e-001  4.8019503e-001
  1.7617131e-001  4.5573895e-001
  1.8061395e-001  5.0777429e-001
  1.6693727e-001  5.4521817e-001
  1.7373451e-001  5.4630065e-001
  1.6464445e-001  5.3090707e-001
  1.6302188e-001  5.3965023e-001
  1.7769606e-001  5.4278255e-001
  1.6687607e-001  5.7268546e-001
  1.7245695e-001  5.9301540e-001
  1.7708071e-001  5.9670752e-001
  1.8048834e-001  5.5815210e-001
  1.6941589e-001  6.0303512e-001
  1.7777020e-001  5.9885624e-001
  1.7058121e-001  5.6103910e-001
  1.7196546e-001  6.1387601e-001
  1.6816682e-001  5.6765704e-001
  1.7388619e-001  6.1250726e-001
  1.7366774e-001  5.8694576e-001
  1.7957344e-001  5.8429937e-001
  1.7223184e-001  5.7075901e-001
  1.6310615e-001  5.8096977e-001
  1.6096155e-001  6.2716716e-001
  1.6167558e-001  5.8554966e-001
  1.7559174e-001  5.7844267e-001
  1.5933078e-001  6.4462954e-001
  1.5929523e-001  6.2154133e-001
  1.6363909e-001  5.7303107e-001
  1.6121898e-001  6.0697545e-001
  1.6209053e-001  5.7527515e-001
  1.7304903e-001  6.0126595e-001
  1.7643748e-001  6.2089808e-001
  1.5771764e-001  6.4339721e-001
  1.8112741e-001  6.3437029e-001
  1.5770834e-001  6.1873938e-001
  1.7699633e-001  6.2759080e-001
  1.6012989e-001  6.5238189e-001
  1.7959870e-001  5.8546898e-001
  1.5822095e-001  5.9949621e-001
  1.7209528e-001  5.8330206e-001
  1.7483782e-001  5.8155186e-001
  6.0077721e-001  6.2054135e-001
  6.1628866e-001  6.1211262e-001
  6.2089876e-001  6.7318836e-001
  6.1565112e-001  6.6167602e-001
  6.2019473e-001  7.1752117e-001
  6.1335936e-001  8.1006884e-001
  6.2234838e-001  8.7928166e-001
  6.1830849e-001  9.6227740e-001
  6.2212917e-001  1.0328326e+000
  6.0948215e-001  1.1924063e+000
  6.1570398e-001  1.2136827e+000
  6.1352371e-001  1.3086951e+000
  6.0834090e-001  1.3588689e+000
  6.0209522e-001  1.4632647e+000
  6.1448576e-001  1.5563928e+000
  6.1229252e-001  1.5743622e+000
  6.0600557e-001  1.6651398e+000
  6.0008251e-001  1.7463164e+000
  6.1589065e-001  1.7555553e+000
  6.0195115e-001  1.7981017e+000
  6.2047353e-001  1.8535946e+000
  6.0023671e-001  1.8794573e+000
  6.0523986e-001  1.9376992e+000
  6.0077273e-001  1.9885113e+000
  6.2126563e-001  1.9845657e+000
  5.9907931e-001  2.0580756e+000
  6.0195479e-001  2.0749203e+000
  6.2288284e-001  2.0590754e+000
  6.0665333e-001  2.1378921e+000
  5.9941720e-001  2.1561543e+000
  6.0329516e-001  2.1650691e+000
  6.0428471e-001  2.2001831e+000
  6.2184181e-001  2.1535646e+000
  6.0206980e-001  2.1897369e+000
  6.0729714e-001  2.2095372e+000
  6.2099942e-001  2.2562430e+000
  6.0840017e-001  2.2488330e+000
  6.1997294e-001  2.2379766e+000
  6.1330324e-001  2.2448562e+000
  6.1147450e-001  2.2755710e+000
  6.0112196e-001  2.2343194e+000
  6.2185507e-001  2.2838306e+000
  6.1180795e-001  2.2876592e+000
  6.1836818e-001  2.2987652e+000
  6.1191364e-001  2.3266105e+000
  6.1569531e-001  2.2959186e+000
  6.2257397e-001  2.2818988e+000
  6.0106652e-001  2.3103316e+000
  6.2168852e-001  2.3176988e+000
  6.0007121e-001  2.2948149e+000
  6.2169487e-001  2.3383369e+000
  6.0353806e-001  2.2752390e+000
  6.0374259e-001  2.2731035e+000
  6.0701979e-001  2.2924318e+000
  5.9945976e-001  2.2990135e+000
  6.0764937e-001  2.3332562e+000
  6.1062647e-001  2.3471679e+000
  6.0314098e-001  2.3358854e+000
  6.1884566e-001  2.3194598e+000
  5.9950200e-001  2.3551054e+000
  6.1491940e-001  2.2987676e+000
  6.1636922e-001  2.3247939e+000
  6.0028421e-001  2.3280244e+000
  6.1347506e-001  2.3352474e+000
  5.9911544e-001  2.3292660e+000
  6.1452921e-001  2.3057900e+000
  6.0949775e-001  2.3077903e+000
  6.1355493e-001  2.2948631e+000
  6.0257443e-001  2.3303109e+000
  4.8595925e-001  2.3289940e+000
  5.0587962e-001  2.3483710e+000
  4.9997417e-001  2.2941498e+000
  4.8295338e-001  2.2795004e+000
  4.9019182e-001  2.3041990e+000
  4.9133461e-001  2.2590029e+000
  4.8733146e-001  2.2730010e+000
  4.9425878e-001  2.2069217e+000
  4.8608008e-001  2.2158594e+000
  5.0272523e-001  2.1849263e+000
  4.9517496e-001  2.1492406e+000
  4.9679035e-001  2.1450245e+000
  4.8998475e-001  2.1028752e+000
  4.9068211e-001  2.1071855e+000
  4.9347668e-001  2.0840257e+000
  4.8404687e-001  2.0803816e+000
  4.8953359e-001  2.0572726e+000
  4.9900137e-001  2.0596639e+000
  4.8596656e-001  2.0845091e+000
  5.0594520e-001  2.0241442e+000
  5.0622344e-001  2.0187536e+000
  4.8597184e-001  2.0071585e+000
  4.9258599e-001  1.9944585e+000
  4.9905103e-001  2.0055993e+000
  4.9691349e-001  1.9911833e+000
  5.0419459e-001  1.9870927e+000
  4.8640118e-001  1.9530272e+000
  4.9075884e-001  2.0061012e+000
  4.9385722e-001  1.9877945e+000
  4.9082851e-001  1.9927418e+000
  4.9630814e-001  1.9548819e+000
  4.9591921e-001  1.9605585e+000
  5.0553254e-001  1.9478154e+000
  4.9408092e-001  1.9661223e+000
  4.9385215e-001  1.9266775e+000
  4.9587199e-001  1.9122191e+000
  4.9924422e-001  1.9695271e+000
  5.0406056e-001  1.9159737e+000
  4.8923274e-001  1.9612102e+000
  4.9933006e-001  1.9278607e+000
  4.9740297e-001  1.9247666e+000
  4.8934025e-001  1.9613830e+000
  5.0426388e-001  1.9139179e+000
  5.0129702e-001  1.9482348e+000
  5.0493506e-001  1.9530524e+000
  5.0386079e-001  1.9268629e+000
  4.9052083e-001  1.9107356e+000
  4.9731724e-001  1.9495066e+000
  4.9363154e-001  1.9533935e+000
  4.8537099e-001  1.9061423e+000
  5.0492711e-001  1.8903341e+000
  4.9514685e-001  1.9178356e+000
  5.0434972e-001  1.9396764e+000
  4.8817977e-001  1.9125274e+000
  4.9021135e-001  1.9444286e+000
  4.9786900e-001  1.9321447e+000
  4.9181962e-001  1.8827211e+000
  4.8372518e-001  1.8870728e+000
  5.0139263e-001  1.9256733e+000
  4.9848561e-001  1.9540383e+000
  4.9727089e-001  1.8913272e+000
  4.8441314e-001  1.9290235e+000
  4.8886292e-001  1.9086499e+000
  4.9689466e-001  1.9446835e+000
  5.0535713e-001  1.9247042e+000
  4.8809723e-001  1.9580383e+000
  4.8672585e-001  1.9312909e+000
  4.9202901e-001  1.8949023e+000
  4.9266874e-001  1.8857108e+000
 -5.9085255e-001  1.8889479e+000
 -6.0309031e-001  1.9577413e+000
 -5.8243138e-001  1.9191350e+000
 -6.0078591e-001  1.8480342e+000
 -5.8194006e-001  1.7558495e+000
 -5.9663001e-001  1.6424677e+000
 -5.8183348e-001  1.4949370e+000
 -6.0190707e-001  1.4431007e+000
 -5.9921878e-001  1.3033493e+000
 -6.0088410e-001  1.1871580e+000
 -5.9541073e-001  1.1142735e+000
 -5.9356404e-001  9.5272656e-001
 -5.8624022e-001  8.4033216e-001
 -5.9148370e-001  7.3096172e-001
 -5.9387041e-001  6.5366945e-001
 -5.9237394e-001  6.1078654e-001
 -6.0432322e-001  4.6806766e-001
 -5.9421024e-001  4.5702326e-001
 -5.8806843e-001  3.4433563e-001
 -5.9095044e-001  2.6394526e-001
 -5.8198234e-001  2.1110721e-001
 -5.8938599e-001  1.3823980e-001
 -6.0164806e-001  9.5403708e-002
 -6.0217471e-001  5.7087885e-002
 -5.8344193e-001  3.8231000e-002
 -5.8321169e-001 -3.9291036e-003
 -6.0195873e-001 -6.3669050e-002
 -6.0410361e-001 -1.1570767e-001
 -5.9911187e-001 -1.1141087e-001
 -5.8269862e-001 -1.3518047e-001
 -5.9574069e-001 -1.4462738e-001
 -5.9607239e-001 -1.5131028e-001
 -5.8697316e-001 -2.4591213e-001
 -6.0146386e-001 -2.5178299e-001
 -5.8492621e-001 -2.0788371e-001
 -5.9724820e-001 -2.8946281e-001
 -5.9008641e-001 -2.8128798e-001
 -6.0453784e-001 -2.9966972e-001
 -5.9016784e-001 -3.1703143e-001
 -5.8660917e-001 -3.1385773e-001
 -5.9472470e-001 -3.2844436e-001
 -6.0267963e-001 -3.5209535e-001
 -6.0328489e-001 -3.5645777e-001
 -5.9029165e-001 -3.3519224e-001
 -5.9774864e-001 -3.3672946e-001
 -5.8490036e-001 -3.5629086e-001
 -6.0335324e-001 -3.4174875e-001
 -5.8705668e-001 -3.6522234e-001
 -5.8864162e-001 -3.2972252e-001
 -5.8839466e-001 -3.3068326e-001
 -6.0139699e-001 -3.8169190e-001
 -5.9742282e-001 -4.0237724e-001
 -5.8723686e-001 -3.7820506e-001
 -6.0251151e-001 -3.7211328e-001
 -5.8446742e-001 -3.8516593e-001
 -5.9202575e-001 -3.5752019e-001
 -5.8437128e-001 -3.9094981e-001
 -5.8188471e-001 -3.9634436e-001
 -5.9044030e-001 -3.5743999e-001
 -5.9867820e-001 -3.8458968e-001
 -6.0499351e-001 -3.6095021e-001
 -5.8235829e-001 -3.8328707e-001
 -5.8860694e-001 -4.1320927e-001
 -6.0165395e-001 -3.7584184e-001
 -5.9005968e-001 -3.8648038e-001
 -6.0038281e-001 -3.6918478e-001
 -5.8282206e-001 -4.0075718e-001
 -5.9982883e-001 -3.6585957e-001
 -6.0166096e-001 -3.5420083e-001
 -6.1992377e-001 -4.2214171e-001
 -6.2050723e-001 -3.6554375e-001
 -6.2294814e-001 -3.6814922e-001
 -6.3322501e-001 -3.5039135e-001
 -6.3209441e-001 -3.9696196e-001
 -6.2404296e-001 -3.4525495e-001
 -6.3351249e-001 -3.4201836e-001
 -6.4344998e-001 -3.3614151e-001
 -6.4156730e-001 -3.8690159e-001
 -6.3272130e-001 -3.3804912e-001
 -6.2049418e-001 -3.1221994e-001
 -6.3654834e-001 -3.5384998e-001
 -6.3560767e-001 -3.5135511e-001
 -6.2630379e-001 -3.2224237e-001
 -6.4014857e-001 -2.9568705e-001
 -6.2544742e-001 -2.9830600e-001
 -6.2379650e-001 -3.3854134e-001
 -6.2744105e-001 -2.8117164e-001
 -6.3851878e-001 -2.9008325e-001
 -6.1967254e-001 -3.3656093e-001
 -6.2267281e-001 -2.6399800e-001
 -6.2424046e-001 -2.9180127e-001
 -6.3165687e-001 -2.9075962e-001
 -6.3091074e-001 -3.0485756e-001
 -6.3817698e-001 -2.7002434e-001
 -6.3105145e-001 -3.0238638e-001
 -6.3818060e-001 -3.0779102e-001
 -6.3585548e-001 -3.1088814e-001
 -6.3841722e-001 -3.1346425e-001
 -6.3212353e-001 -3.0554125e-001
 -6.3163720e-001 -2.5162744e-001
 -6.2359443e-001 -2.9051950e-001
 -6.3529401e-001 -2.5640900e-001
 -6.4255022e-001 -2.4330407e-001
 -6.2429573e-001 -2.7344878e-001
 -6.2725491e-001 -2.7963120e-001
 -6.2382556e-001 -2.9493297e-001
 -6.4041776e-001 -2.8243890e-001
 -6.4227012e-001 -2.3240653e-001
 -6.2345037e-001 -2.8852071e-001
 -6.2465811e-001 -3.0055281e-001
 -6.1985987e-001 -2.6972904e-001
 -6.4291762e-001 -2.5159811e-001
 -6.2545552e-001 -2.8465013e-001
 -6.3963859e-001 -3.0459089e-001
 -6.3623111e-001 -2.4003280e-001
 -6.3486435e-001 -2.5644409e-001
 -6.3336853e-001 -2.9729902e-001
 -6.2171241e-001 -2.5676828e-001
 -6.2528623e-001 -2.9306662e-001
 -6.2772112e-001 -2.3639534e-001
 -6.2331055e-001 -2.2985079e-001
 -6.4210840e-001 -2.6498494e-001
 -6.4343802e-001 -2.8705514e-001
 -6.4198364e-001 -2.7194019e-001
 -6.4168548e-001 -3.0745569e-001
 -6.2217190e-001 -2.7690832e-001
 -6.3641343e-001 -2.6349996e-001
 -6.4079269e-001 -2.3630062e-001
 -6.4001781e-001 -2.8665900e-001
 -6.2536603e-001 -2.4999533e-001
 -6.3382883e-001 -3.0325704e-001
 -6.2853188e-001 -2.4550575e-001
 -6.4177254e-001 -2.4926067e-001
 -6.2660262e-001 -2.7604897e-001
 -6.2206860e-001 -2.6149396e-001
 -6.3752028e-001 -2.7694397e-001
 -6.2199007e-001 -2.7782055e-001
 -6.3972900e-001 -2.4913678e-001
 -4.9790980e-001 -2.3885250e-001
 -5.0291609e-001 -2.5411114e-001
 -4.9622180e-001 -2.6058487e-001
 -5.0967220e-001 -2.7400283e-001
 -4.9731397e-001 -3.0605137e-001
 -5.1160661e-001 -3.2677440e-001
 -5.1817521e-001 -3.1344643e-001
 -5.0427693e-001 -3.1341681e-001
 -5.1475943e-001 -3.7382654e-001
 -5.1884681e-001 -3.4629542e-001
 -5.0553423e-001 -3.8339943e-001
 -5.0723122e-001 -3.5684251e-001
 -5.0419570e-001 -4.1905771e-001
 -4.9989499e-001 -3.8447615e-001
 -5.0046844e-001 -4.3451953e-001
 -5.0944839e-001 -4.3035837e-001
 -5.1277036e-001 -4.7857971e-001
 -5.0368593e-001 -4.3262242e-001
 -5.0693856e-001 -4.4532366e-001
 -5.1848896e-001 -5.1567740e-001
 -5.0321585e-001 -5.3095895e-001
 -5.1292114e-001 -5.2822453e-001
 -5.1070894e-001 -5.0815267e-001
 -5.0009392e-001 -5.2055516e-001
 -4.9666092e-001 -5.4120947e-001
 -5.1016956e-001 -4.9679754e-001
 -4.9605149e-001 -5.4664510e-001
 -5.1708190e-001 -5.3552136e-001
 -4.9732631e-001 -5.7688073e-001
 -5.1937880e-001 -5.5103140e-001
 -4.9982728e-001 -5.3460095e-001
 -4.9850029e-001 -5.8764897e-001
 -5.0078243e-001 -5.5011025e-001
 -4.9773150e-001 -5.6213814e-001
 -5.1100988e-001 -5.9897038e-001
 -4.9860805e-001 -5.4105408e-001
 -5.0479073e-001 -5.5987271e-001
 -4.9548037e-001 -6.0437475e-001
 -5.1280965e-001 -5.8009184e-001
 -5.1240396e-001 -5.5930491e-001
 -4.9866433e-001 -5.9839033e-001
 -5.1150111e-001 -6.0984133e-001
 -5.1444710e-001 -5.6549993e-001
 -5.0837262e-001 -5.6317144e-001
 -5.0527813e-001 -5.6563642e-001
 -5.1921712e-001 -5.8747569e-001
 -5.1707466e-001 -5.4969629e-001
 -5.0213961e-001 -5.8422515e-001
 -5.1826022e-001 -5.4550434e-001
 -5.1164923e-001 -6.1612899e-001
 -5.1236489e-001 -5.5146082e-001
 -4.9735775e-001 -5.8958861e-001
 -5.0263929e-001 -5.9297268e-001
 -5.1705581e-001 -5.9421083e-001
 -5.1330133e-001 -5.9818172e-001
 -5.1428889e-001 -5.5254288e-001
 -5.1164109e-001 -5.9843405e-001
 -5.1101721e-001 -5.8636138e-001
 -4.9919188e-001 -5.6664746e-001
 -5.1686354e-001 -5.4696941e-001
 -5.1612934e-001 -5.4081377e-001
 -5.1452731e-001 -5.7608832e-001
 -5.1836609e-001 -6.1616376e-001
 -5.0571388e-001 -5.4555959e-001
 -4.9909635e-001 -5.9386532e-001
 -5.1183824e-001 -6.1566206e-001
 -5.1903238e-001 -6.0051419e-001
 -5.0938820e-001 -6.1391360e-001
 -5.0298040e-001 -5.7162724e-001
  7.3775087e-001 -5.8077986e-001
  7.4008372e-001 -5.4920293e-001
  7.3905584e-001 -5.5128337e-001
  7.4059479e-001 -4.2343683e-001
  7.4940173e-001 -2.8172402e-001
  7.4144014e-001 -1.5290593e-001
  7.4336491e-001 -2.1956833e-002
  7.4862921e-001  1.3684217e-001
  7.3966516e-001  2.8939415e-001
  7.4750100e-001  4.6431758e-001
  7.4199879e-001  5.9997041e-001
  7.5140251e-001  7.4335573e-001
  7.3841683e-001  9.1179027e-001
  7.5587482e-001  1.0496252e+000
  7.3566996e-001  1.2216376e+000
  7.5344316e-001  1.2770161e+000
  7.3445754e-001  1.4040098e+000
  7.3594270e-001  1.5121411e+000
  7.4271339e-001  1.6651795e+000
  7.4394285e-001  1.7178045e+000
  7.4471554e-001  1.8250605e+000
  7.3871858e-001  1.9319413e+000
  7.3551061e-001  2.0045066e+000
  7.5654298e-001  2.0347498e+000
  7.4867982e-001  2.0688763e+000
  7.5703952e-001  2.1878132e+000
  7.4723946e-001  2.1903257e+000
  7.5743218e-001  2.2227702e+000
  7.3810789e-001  2.3280695e+000
  7.3423326e-001  2.3071468e+000
  7.5491541e-001  2.3490972e+000
  7.4189282e-001  2.3713022e+000
  7.3890738e-001  2.4399176e+000
  7.5820815e-001  2.4910394e+000
  7.3927322e-001  2.4687255e+000
  7.4076530e-001  2.5176600e+000
  7.5698559e-001  2.5024448e+000
  7.3459527e-001  2.5045728e+000
  7.5551536e-001  2.5688125e+000
  7.4992163e-001  2.5743683e+000
  7.5713477e-001  2.6234427e+000
  7.4340976e-001  2.5885735e+000
  7.4862759e-001  2.6412485e+000
  7.4029436e-001  2.6536847e+000
  7.4863572e-001  2.5983735e+000
  7.3909850e-001  2.6593935e+000
  7.5063175e-001  2.6522023e+000
  7.3786480e-001  2.6202873e+000
  7.4215101e-001  2.6555350e+000
  7.5279708e-001  2.6137999e+000
  7.4244428e-001  2.6735612e+000
  7.3574092e-001  2.6621713e+000
  7.5172676e-001  2.6821888e+000
  7.4857258e-001  2.6692496e+000
  7.3525105e-001  2.6987504e+000
  7.5324965e-001  2.6564162e+000
  7.5336326e-001  2.6345099e+000
  7.5631242e-001  2.6511016e+000
  7.4771722e-001  2.7106314e+000
  7.3750076e-001  2.7109138e+000
  7.4229175e-001  2.7079037e+000
  7.4801032e-001  2.6625417e+000
  7.3941980e-001  2.6597165e+000
  7.5227008e-001  2.6718617e+000
  7.5061264e-001  2.6794000e+000
  7.4673022e-001  2.6934739e+000
  7.4955523e-001  2.6765659e+000
  7.5695717e-001  2.7242234e+000
  7.3484460e-001  2.6735370e+000
 -1.3759663e-001  2.6942944e+000
 -1.3518093e-001  2.6605033e+000
 -1.4000634e-001  2.6512273e+000
 -1.3796026e-001  2.5642188e+000
 -1.2461802e-001  2.4313636e+000
 -1.2562454e-001  2.2766963e+000
 -1.3230318e-001  2.1916365e+000
 -1.4541542e-001  2.0141479e+000
 -1.3966736e-001  1.8683325e+000
 -1.2811635e-001  1.6926405e+000
 -1.2752022e-001  1.6076003e+000
 -1.2979486e-001  1.4160772e+000
 -1.2589516e-001  1.2532696e+000
 -1.3071025e-001  1.1938006e+000
 -1.2816968e-001  1.0467544e+000
 -1.2974224e-001  9.1165969e-001
 -1.4573609e-001  8.2646239e-001
 -1.4052339e-001  6.6876782e-001
 -1.3832599e-001  5.8562245e-001
 -1.3778658e-001  5.4017928e-001
 -1.4560090e-001  4.1626226e-001
 -1.3688912e-001  3.9075029e-001
 -1.4163644e-001  2.6805807e-001
 -1.3607236e-001  2.1363535e-001
 -1.3878019e-001  2.1182256e-001
 -1.3096716e-001  1.1153089e-001
 -1.4210007e-001  1.0639236e-001
 -1.4368925e-001  6.6433929e-002
 -1.3893290e-001 -2.9346273e-002
 -1.3862495e-001 -1.6755814e-002
 -1.4535351e-001 -5.5014651e-002
 -1.3995320e-001 -9.8187701e-002
 -1.3821707e-001 -1.2595106e-001
 -1.2299985e-001 -1.8308653e-001
 -1.3590183e-001 -2.1582555e-001
 -1.2872294e-001 -1.6836112e-001
 -1.4161518e-001 -1.9861474e-001
 -1.4054705e-001 -2.5794420e-001
 -1.3213546e-001 -2.5316621e-001
 -1.3087543e-001 -3.0212148e-001
 -1.3594120e-001 -2.8496769e-001
 -1.3081602e-001 -3.0642982e-001
 -1.2487862e-001 -3.1628989e-001
 -1.3049370e-001 -2.7277154e-001
 -1.3708168e-001 -3.3351230e-001
 -1.3891490e-001 -3.0122483e-001
 -1.3909142e-001 -3.1703912e-001
 -1.2493732e-001 -3.4611623e-001
 -1.4260290e-001 -3.6339790e-001
 -1.2449288e-001 -3.4799293e-001
 -1.3383507e-001 -3.0828776e-001
 -1.3812551e-001 -3.3597900e-001
 -1.4502459e-001 -3.3365632e-001
 -1.2605953e-001 -3.8424745e-001
 -1.2414686e-001 -3.6919669e-001
 -1.2363305e-001 -3.9950766e-001
 -1.3895487e-001 -3.8330724e-001
 -1.3750075e-001 -3.3686873e-001
 -1.3882242e-001 -3.3395822e-001
 -1.3671326e-001 -3.8143977e-001
 -1.4251040e-001 -4.0191849e-001
 -1.4228891e-001 -3.6131311e-001
 -1.2574075e-001 -3.9426445e-001
 -1.2773768e-001 -3.7510927e-001
 -1.3441836e-001 -3.4807398e-001
 -1.2223183e-001 -4.1184500e-001
 -1.3642949e-001 -3.3515391e-001
 -1.2857277e-001 -3.8061775e-001
 -1.2469480e-001 -3.7861486e-001
 -4.0796313e-001 -3.6262797e-001
 -4.0605201e-001 -3.9144366e-001
 -4.0219845e-001 -3.8972619e-001
 -3.9975442e-001 -3.6676756e-001
 -4.0434645e-001 -3.8505975e-001
 -4.0910482e-001 -3.9451636e-001
 -4.1284153e-001 -4.2231963e-001
 -4.1771644e-001 -4.3327623e-001
 -4.0260347e-001 -4.8192440e-001
 -3.9857769e-001 -4.4076667e-001
 -4.0446304e-001 -5.1957526e-001
 -4.0726027e-001 -5.1797279e-001
 -4.1535567e-001 -4.8339668e-001
 -4.1374193e-001 -5.0603584e-001
 -4.0667841e-001 -5.6645462e-001
 -4.1202260e-001 -5.1813544e-001
 -4.1598754e-001 -5.3560430e-001
 -3.9798795e-001 -5.9756110e-001
 -3.9979480e-001 -5.8521412e-001
 -4.0371874e-001 -6.0765374e-001
 -4.0882578e-001 -5.8465874e-001
 -4.1858523e-001 -6.2785950e-001
 -4.1874738e-001 -5.9865565e-001
 -4.1364661e-001 -6.0123518e-001
 -4.1620393e-001 -6.5781790e-001
 -4.0436989e-001 -6.2436801e-001
 -4.1528609e-001 -6.5730378e-001
 -4.0117030e-001 -6.7228354e-001
 -4.1446132e-001 -6.6797875e-001
 -4.0886483e-001 -6.0721654e-001
 -4.1362041e-001 -6.8978544e-001
 -4.0148639e-001 -6.6763386e-001
 -3.9983311e-001 -6.3961800e-001
 -4.1262100e-001 -6.7757209e-001
 -4.1013620e-001 -6.7507320e-001
 -3.9749893e-001 -6.7857715e-001
 -4.1503803e-001 -6.5764269e-001
 -4.0142521e-001 -6.7134154e-001
 -4.0476823e-001 -6.6455780e-001
 -4.1392030e-001 -6.3457849e-001
 -4.1056444e-001 -7.0625016e-001
 -4.1372288e-001 -6.7602316e-001
 -3.9835104e-001 -7.0240983e-001
 -4.1032240e-001 -6.9396966e-001
 -3.9896971e-001 -6.9967511e-001
 -4.1733077e-001 -6.7649899e-001
 -4.0400503e-001 -6.8644281e-001
 -4.0824358e-001 -6.5342561e-001
 -4.1729719e-001 -6.5125655e-001
 -4.0401017e-001 -6.6467775e-001
 -4.1822392e-001 -6.9552716e-001
 -4.0262451e-001 -7.1619794e-001
 -4.0668911e-001 -6.4867207e-001
 -3.9624896e-001 -6.6292960e-001
 -4.1843953e-001 -7.1551916e-001
 -4.0866395e-001 -6.9061215e-001
 -4.1882870e-001 -6.5631085e-001
 -3.9667002e-001 -6.7648405e-001
 -4.0945168e-001 -7.1636753e-001
 -4.1731648e-001 -6.9246746e-001
 -4.0593523e-001 -6.8149862e-001
 -4.1852070e-001 -6.7394310e-001
 -3.9849348e-001 -6.7776577e-001
 -4.1327915e-001 -6.6511887e-001
 -4.0852026e-001 -6.7364877e-001
 -4.0267971e-001 -6.6162035e-001
 -4.0668511e-001 -6.4105516e-001
 -4.1499744e-001 -6.4549056e-001
 -4.0806702e-001 -6.8815459e-001
 -1.2785814e-001 -6.9568213e-001
 -1.4099445e-001 -6.9687658e-001
 -1.3850494e-001 -6.5181204e-001
 -1.3326807e-001 -6.7464981e-001
 -1.2722332e-001 -6.2646971e-001
 -1.3291641e-001 -6.1361631e-001
 -1.2141904e-001 -6.4904235e-001
 -1.2524909e-001 -6.2980279e-001
 -1.4355453e-001 -6.2552647e-001
 -1.2156371e-001 -5.4433880e-001
 -1.4132666e-001 -5.4170211e-001
 -1.3397998e-001 -5.4590158e-001
 -1.4218176e-001 -5.4723470e-001
 -1.2636124e-001 -5.5312497e-001
 -1.2112867e-001 -5.4878124e-001
 -1.2769028e-001 -4.6539548e-001
 -1.3269079e-001 -5.0909996e-001
 -1.4008852e-001 -4.5577729e-001
 -1.4193923e-001 -4.4339062e-001
 -1.3282116e-001 -4.6075383e-001
 -1.3420197e-001 -4.4309920e-001
 -1.2233877e-001 -4.1088146e-001
 -1.3082274e-001 -4.5230366e-001
 -1.3762973e-001 -4.0946407e-001
 -1.3180633e-001 -4.1464535e-001
 -1.3829180e-001 -4.4432350e-001
 -1.3979386e-001 -4.5806704e-001
 -1.3617940e-001 -4.4514989e-001
 -1.2931622e-001 -4.0826346e-001
 -1.3247665e-001 -4.1127825e-001
 -1.2517819e-001 -4.2479178e-001
 -1.2409230e-001 -3.7769758e-001
 -1.3705193e-001 -3.9358705e-001
 -1.2801967e-001 -3.5632000e-001
 -1.4087053e-001 -3.9443644e-001
 -1.2562495e-001 -4.0002915e-001
 -1.4327092e-001 -3.6610689e-001
 -1.3271504e-001 -3.4959344e-001
 -1.3783547e-001 -4.0381486e-001
 -1.2646803e-001 -3.8951564e-001
 -1.2336862e-001 -3.5372724e-001
 -1.4228005e-001 -3.5947019e-001
 -1.2777441e-001 -4.2151968e-001
 -1.2757041e-001 -4.1834064e-001
 -1.4290896e-001 -3.7698711e-001
 -1.3284701e-001 -3.7778034e-001
 -1.4088788e-001 -4.0059742e-001
 -1.3300748e-001 -3.8873057e-001
 -1.2213878e-001 -3.6535427e-001
 -1.4339964e-001 -4.0782344e-001
 -1.2192111e-001 -3.7813255e-001
 -1.3639228e-001 -4.0994970e-001
 -1.2337646e-001 -4.1640341e-001
 -1.4218362e-001 -3.9877264e-001
 -1.3793631e-001 -3.6484644e-001
 -1.3549226e-001 -3.7039982e-001
 -1.3309885e-001 -3.7090181e-001
 -1.4076759e-001 -4.1303866e-001
 -1.3124350e-001 -3.6531849e-001
 -1.2353799e-001 -3.6372417e-001
 -1.2768534e-001 -3.7148885e-001
 -1.2152063e-001 -3.4732935e-001
 -1.3308042e-001 -3.5101369e-001
 -1.3927726e-001 -3.4466319e-001
 -1.3398506e-001 -3.5783960e-001
 -1.4116647e-001 -4.0127523e-001
 -1.4050866e-001 -3.4156566e-001
 -1.4108301e-001 -3.5294115e-001
 -1.2469170e-001 -3.8768927e-001
  1.8519102e-001 -3.4315410e-001
  1.7362261e-001 -3.4703166e-001
  1.7154570e-001 -3.8218732e-001
  1.8109817e-001 -3.0892901e-001
  1.7461731e-001 -2.9052528e-001
  1.7666796e-001 -2.5959746e-001
  1.6754517e-001 -2.3535195e-001
  1.7280822e-001 -1.8026009e-001
  1.7197319e-001 -1.4146725e-001
  1.6543357e-001 -5.8939425e-002
  1.8536142e-001  2.8319610e-002
  1.8113103e-001  4.3568502e-002
  1.6522772e-001  4.8769668e-002
  1.7134670e-001  1.4027572e-001
  1.6940574e-001  1.8361375e-001
  1.7457606e-001  2.1794255e-001
  1.7491197e-001  2.4712856e-001
  1.8516154e-001  2.4594039e-001
  1.6701582e-001  2.8355183e-001
  1.8319744e-001  3.7140976e-001
  1.8146439e-001  3.6767011e-001
  1.7598277e-001  4.0114379e-001
  1.6652149e-001  4.1607218e-001
  1.7749439e-001  4.2247517e-001
  1.8468161e-001  4.6688523e-001
  1.6863630e-001  4.3577413e-001
  1.7753383e-001  4.5379388e-001
  1.7968587e-001  5.3499600e-001
  1.6383835e-001  5.0754409e-001
  1.7081923e-001  4.9907412e-001
  1.7736441e-001  5.6284627e-001
  1.7641981e-001  5.7394538e-001
  1.6929370e-001  5.3719387e-001
  1.6892263e-001  5.6403175e-001
  1.7101205e-001  5.4353988e-001
  1.8426641e-001  5.4088017e-001
  1.7412233e-001  5.7850095e-001
  1.6421828e-001  5.6813538e-001
  1.7809860e-001  6.1888187e-001
  1.8552135e-001  5.6086569e-001
  1.7824386e-001  6.3176178e-001
  1.8019488e-001  6.3329662e-001
  1.6391516e-001  6.2705335e-001
  1.7405832e-001  6.3473506e-001
  1.7000355e-001  6.3740290e-001
  1.8622951e-001  6.4396822e-001
  1.7310302e-001  6.2867064e-001
  1.6417317e-001  5.8884952e-001
  1.7793222e-001  6.2488623e-001
  1.7417803e-001  6.2771316e-001
  1.6849754e-001  6.2983872e-001
  1.8597387e-001  6.1779493e-001
  1.7758574e-001  6.5229905e-001
  1.8287338e-001  6.1752959e-001
  1.6667162e-001  6.3193396e-001
  1.7733076e-001  6.1593969e-001
  1.8120893e-001  6.7194042e-001
  1.6602122e-001  6.3619237e-001
  1.8677591e-001  6.3341248e-001
  1.6470852e-001  5.9903822e-001
  1.6783897e-001  6.2901773e-001
  1.6855086e-001  6.0828347e-001
  1.7067747e-001  5.9835132e-001
  1.7528415e-001  6.0999784e-001
  1.7232348e-001  6.2704690e-001
  1.8592928e-001  6.0803163e-001
  1.7103409e-001  6.4962176e-001
  1.7901510e-001  6.1046103e-001
  1.8241014e-001  6.6586847e-001
  4.1976170e-001  6.5777106e-001
  4.1979141e-001  6.3388632e-001
  4.1928358e-001  6.4660958e-001
  4.2680143e-001  7.1472654e-001
  4.3296830e-001  7.0353453e-001
  4.3789452e-001  7.6049553e-001
  4.2710296e-001  8.3809605e-001
  4.3015387e-001  8.3510992e-001
  4.2448689e-001  9.0176722e-001
  4.2734983e-001  9.2773097e-001
  4.3695879e-001  1.0420447e+000
  4.2030352e-001  1.0281879e+000
  4.2161272e-001  1.1089219e+000
  4.1917005e-001  1.1534192e+000
  4.2849637e-001  1.1967203e+000
  4.4154671e-001  1.2332474e+000
  4.2026324e-001  1.2745784e+000
  4.3751439e-001  1.2804156e+000
  4.3297865e-001  1.3301098e+000
  4.2965504e-001  1.3434233e+000
  4.2900711e-001  1.3687201e+000
  4.3082455e-001  1.4328650e+000
  4.2663845e-001  1.4512287e+000
  4.3428941e-001  1.4269420e+000
  4.4032134e-001  1.5223675e+000
  4.2967048e-001  1.4808761e+000
  4.3177439e-001  1.4988480e+000
  4.2495022e-001  1.5555167e+000
  4.3349588e-001  1.5087434e+000
  4.3935748e-001  1.5250797e+000
  4.3686605e-001  1.5922491e+000
  4.1817013e-001  1.5441305e+000
  4.3313661e-001  1.5695947e+000
  4.1937033e-001  1.5774832e+000
  4.2777605e-001  1.5801651e+000
  4.4032115e-001  1.5963354e+000
  4.1874874e-001  1.5783339e+000
  4.3659969e-001  1.5989126e+000
  4.3459332e-001  1.6640020e+000
  4.1790246e-001  1.6002693e+000
  4.2959592e-001  1.6142492e+000
  4.2378341e-001  1.6164855e+000
  4.3230563e-001  1.6540134e+000
  4.3318151e-001  1.6801524e+000
  4.3442539e-001  1.6775829e+000
  4.2663004e-001  1.6196919e+000
  4.3340693e-001  1.6172572e+000
  4.3192486e-001  1.6167568e+000
  4.1807369e-001  1.6433219e+000
  4.2040188e-001  1.6766512e+000
  4.3815938e-001  1.6944606e+000
  4.2151437e-001  1.6513968e+000
  4.2062499e-001  1.6763568e+000
  4.3036797e-001  1.6624344e+000
  4.2789302e-001  1.6629590e+000
  4.3441122e-001  1.6303447e+000
  4.3497694e-001  1.6717352e+000
  4.4101767e-001  1.6250576e+000
  4.2766484e-001  1.6963052e+000
  4.3061338e-001  1.6297507e+000
  4.3488169e-001  1.6407203e+000
  4.3920478e-001  1.6448972e+000
  4.4184734e-001  1.6315862e+000
  4.2814084e-001  1.6389761e+000
  4.2598461e-001  1.6576945e+000
  4.2219519e-001  1.6416787e+000
  4.2696440e-001  1.6304009e+000
  4.3504512e-001  1.6408998e+000
  4.3280861e-001  1.6341758e+000
 -6.4863640e-001  1.6934578e+000
 -6.3941544e-001  1.6427146e+000
 -6.4959814e-001  1.6660454e+000
 -6.5478171e-001  1.5646944e+000
 -6.5053468e-001  1.4975448e+000
 -6.4110418e-001  1.4645980e+000
 -6.4962223e-001  1.3296998e+000
 -6.4772056e-001  1.2353022e+000
 -6.4474027e-001  1.1873232e+000
 -6.4815583e-001  1.0563743e+000
 -6.4701228e-001  1.0033065e+000
 -6.4586937e-001  9.2358324e-001
 -6.3273399e-001  7.8155983e-001
 -6.4158438e-001  7.5205808e-001
 -6.4507367e-001  6.7754749e-001
 -6.4926915e-001  5.9421929e-001
 -6.3767711e-001  5.0074354e-001
 -6.4622479e-001  4.4175269e-001
 -6.4712365e-001  3.9645777e-001
 -6.4587550e-001  3.5107387e-001
 -6.4282450e-001  3.1286399e-001
 -6.3820643e-001  2.1585786e-001
 -6.3233396e-001  1.8049606e-001
 -6.3805669e-001  1.7414444e-001
 -6.3238809e-001  1.2746142e-001
 -6.5242868e-001  4.7711207e-002
 -6.5065646e-001  3.7514870e-002
 -6.3738105e-001  3.0994123e-002
 -6.3330485e-001  3.4761164e-002
 -6.3588879e-001 -3.3783683e-003
 -6.5017811e-001 -1.2658711e-003
 -6.4262005e-001 -6.7043465e-002
 -6.4093387e-001 -7.0101221e-002
 -6.3275306e-001 -1.0694807e-001
 -6.3288932e-001 -1.2449775e-001
 -6.5096937e-001 -9.8692132e-002
 -6.4881068e-001 -1.2561125e-001
 -6.4206629e-001 -1.7488059e-001
 -6.4372153e-001 -1.1343065e-001
 -6.5485610e-001 -1.7635966e-001
 -6.5052452e-001 -1.7976110e-001
 -6.4886125e-001 -1.4330251e-001
 -6.5489616e-001 -2.0849981e-001
 -6.4047805e-001 -2.0325561e-001
 -6.4730837e-001 -1.8918066e-001
 -6.4240446e-001 -2.2575384e-001
 -6.5075587e-001 -1.8034786e-001
 -6.3275423e-001 -2.3300858e-001
 -6.4227151e-001 -1.9249751e-001
 -6.4048193e-001 -2.1465818e-001
 -6.5565994e-001 -1.6463651e-001
 -6.4390698e-001 -1.9034761e-001
 -6.4818755e-001 -2.2940099e-001
 -6.3971926e-001 -2.2347046e-001
 -6.5285791e-001 -2.2206072e-001
 -6.5550845e-001 -1.8588380e-001
 -6.4306403e-001 -2.2938834e-001
 -6.4550362e-001 -2.0685613e-001
 -6.3946524e-001 -2.1419000e-001
 -6.3229473e-001 -2.1345828e-001
 -6.4773832e-001 -2.2822692e-001
 -6.4663672e-001 -2.1731271e-001
 -6.3791219e-001 -2.1733257e-001
 -6.3858001e-001 -2.0396072e-001
 -6.3221311e-001 -1.8068889e-001
 -6.4536045e-001 -2.0140519e-001
 -6.4252437e-001 -2.0393590e-001
 -6.3417521e-001 -2.1086468e-001
 -6.5303707e-001 -2.2567595e-001
  7.6947781e-001 -2.2732066e-001
  7.8785093e-001 -2.2276398e-001
  7.7537870e-001 -1.7888226e-001
  7.7881450e-001 -8.2630795e-002
  7.8473224e-001  4.5027118e-002
  7.7849471e-001  1.5491920e-001
  7.7513584e-001  2.9248968e-001
  7.6814911e-001  4.3380176e-001
  7.6776174e-001  5.3724267e-001
  7.6923460e-001  7.1663622e-001
  7.6872708e-001  8.5324536e-001
  7.7965695e-001  9.8246013e-001
  7.7348447e-001  1.1682144e+000
  7.7632711e-001  1.2882060e+000
  7.8827694e-001  1.3561278e+000
  7.8981545e-001  1.4743674e+000
  7.9026325e-001  1.5673731e+000
  7.6790446e-001  1.7428251e+000
  7.8993930e-001  1.7705766e+000
  7.7425821e-001  1.8921083e+000
  7.6988521e-001  1.9736283e+000
  7.8722961e-001  2.0612949e+000
  7.8292466e-001  2.1345436e+000
  7.8133761e-001  2.1700215e+000
  7.6764658e-001  2.2313651e+000
  7.7479339e-001  2.2454843e+000
  7.8873712e-001  2.2932396e+000
  7.7817376e-001  2.3618841e+000
  7.7313064e-001  2.4211005e+000
  7.8518534e-001  2.4577248e+000
  7.7156863e-001  2.4579307e+000
  7.8120342e-001  2.4637750e+000
  7.8335664e-001  2.5186243e+000
  7.6861078e-001  2.5468639e+000
  7.7160802e-001  2.5348819e+000
  7.7116609e-001  2.5998694e+000
  7.8474848e-001  2.5973020e+000
  7.8831544e-001  2.6091566e+000
  7.7911564e-001  2.6468241e+000
  7.7933977e-001  2.6361089e+000
  7.8003087e-001  2.6929858e+000
  7.7614802e-001  2.6944361e+000
  7.7235147e-001  2.6424779e+000
  7.7531579e-001  2.7166037e+000
  7.8646067e-001  2.7024604e+000
  7.6909867e-001  2.6703796e+000
  7.8204640e-001  2.7268960e+000
  7.8574628e-001  2.7108275e+000
  7.8611843e-001  2.7187397e+000
  7.7333269e-001  2.6977337e+000
  7.8430599e-001  2.7527943e+000
  7.7549144e-001  2.7544102e+000
  7.8987764e-001  2.7197790e+000
  7.7980410e-001  2.7204105e+000
  7.7352881e-001  2.7596359e+000
  7.7007619e-001  2.7523184e+000
  7.8626871e-001  2.7351540e+000
  7.8915919e-001  2.7790669e+000
  7.8013902e-001  2.7852831e+000
  7.7827426e-001  2.7621536e+000
  7.8439055e-001  2.7472272e+000
  7.9062078e-001  2.7193281e+000
  7.8248188e-001  2.7891899e+000
  7.6860523e-001  2.7495567e+000
  7.8633119e-001  2.7665807e+000
  7.8196452e-001  2.7171356e+000
  7.7887996e-001  2.7652642e+000
  7.7331177e-001  2.7719387e+000
  7.7909725e-001  2.7552169e+000
 -2.8502110e-001  2.7762124e+000
 -2.9478918e-001  2.7449100e+000
 -2.8136221e-001  2.7081763e+000
 -2.8740166e-001  2.6088988e+000
 -2.9045816e-001  2.5076351e+000
 -2.8910506e-001  2.3544532e+000
 -2.8882500e-001  2.2058608e+000
 -2.8771030e-001  2.0441869e+000
 -2.9998483e-001  1.8146247e+000
 -2.9632790e-001  1.7042521e+000
 -2.8266908e-001  1.5318386e+000
 -2.9856511e-001  1.3885368e+000
 -2.9548480e-001  1.1816187e+000
 -2.8445589e-001  1.1007899e+000
 -2.9034676e-001  9.4826543e-001
 -2.9447688e-001  8.0357427e-001
 -2.8136833e-001  6.8884081e-001
 -3.0155515e-001  5.3638919e-001
 -2.8455906e-001  4.6664224e-001
 -2.9715517e-001  3.6161995e-001
 -2.8243815e-001  2.2350628e-001
 -2.9501270e-001  2.1724612e-001
 -2.8103621e-001  1.3561163e-001
 -2.9419257e-001  3.0756707e-002
 -2.8099696e-001 -2.3087471e-002
 -2.9420427e-001 -1.0635248e-001
 -2.9805521e-001 -1.2293496e-001
 -2.8864202e-001 -2.0601645e-001
 -2.9768107e-001 -2.5737193e-001
 -2.9557487e-001 -2.8638588e-001
 -2.9730744e-001 -3.4869732e-001
 -2.9958742e-001 -3.3904597e-001
 -2.9407085e-001 -3.9459971e-001
 -2.8802246e-001 -4.3183205e-001
 -2.8454685e-001 -4.1562860e-001
 -2.9154839e-001 -4.1609340e-001
 -3.0183497e-001 -4.3555635e-001
 -2.8191712e-001 -5.0129753e-001
 -2.9413110e-001 -4.6900108e-001
 -2.9277774e-001 -5.2436308e-001
 -2.9812919e-001 -5.2391952e-001
 -2.8605236e-001 -5.6522130e-001
 -2.9024566e-001 -5.1472721e-001
 -2.8444122e-001 -5.2435153e-001
 -2.9961808e-001 -5.9185237e-001
 -2.9671203e-001 -5.5795859e-001
 -2.9067279e-001 -6.2250068e-001
 -2.9367084e-001 -5.8570356e-001
 -2.9994524e-001 -5.8127912e-001
 -3.0046760e-001 -5.9985322e-001
 -3.0025333e-001 -6.0749523e-001
 -2.8036103e-001 -6.3146716e-001
 -2.9523073e-001 -6.2374297e-001
 -3.0218368e-001 -6.4012619e-001
 -2.9352975e-001 -6.1427303e-001
 -2.7946246e-001 -5.8451680e-001
 -2.9717315e-001 -6.5389642e-001
 -3.0296692e-001 -6.5825727e-001
 -2.8700521e-001 -6.2079922e-001
 -2.9666245e-001 -6.3306435e-001
 -2.8950516e-001 -5.9923135e-001
 -2.8486804e-001 -6.1802135e-001
 -2.9903831e-001 -6.7295524e-001
 -2.8042455e-001 -6.6054349e-001
 -2.9264718e-001 -6.1235161e-001
 -3.0183132e-001 -6.0574404e-001
 -2.9342242e-001 -6.5489379e-001
 -2.8237297e-001 -6.1448973e-001
 -3.0188166e-001 -6.0887530e-001
  7.9196325e-001 -6.6435125e-001
  7.9819233e-001 -6.4792010e-001
  8.0139438e-001 -5.6978129e-001
  8.0083214e-001 -4.7853923e-001
  8.0170638e-001 -3.9518812e-001
  7.9537291e-001 -2.0345868e-001
  7.9177624e-001 -2.9924275e-002
  8.0586944e-001  1.1600479e-001
  8.0989865e-001  2.4554731e-001
  8.0422256e-001  4.2866050e-001
  8.0772731e-001  6.0803695e-001
  7.9626732e-001  7.9401528e-001
  7.9256169e-001  9.6295489e-001
  8.0034812e-001  1.0724589e+000
  7.9836138e-001  1.2150046e+000
  7.9683984e-001  1.3529858e+000
  7.9394255e-001  1.4907073e+000
  8.0401060e-001  1.6080839e+000
  7.9838288e-001  1.6705261e+000
  7.9807986e-001  1.7644487e+000
  8.0659487e-001  1.8903583e+000
  8.0058902e-001  1.9693354e+000
  8.0255080e-001  2.0731136e+000
  7.9323705e-001  2.1209579e+000
  7.9306555e-001  2.1618122e+000
  7.9660417e-001  2.2425271e+000
  8.0775431e-001  2.2750835e+000
  8.1018560e-001  2.3151985e+000
  8.0823460e-001  2.3511092e+000
  7.9179926e-001  2.4446656e+000
  7.9334574e-001  2.4720127e+000
  8.1478031e-001  2.5019608e+000
  8.1074632e-001  2.5053625e+000
  8.1137915e-001  2.5533735e+000
  7.9645940e-001  2.5585477e+000
  8.1461461e-001  2.6022468e+000
  8.0005028e-001  2.6421096e+000
  8.0648920e-001  2.6053575e+000
  8.1145318e-001  2.6688248e+000
  8.0067607e-001  2.6963209e+000
  8.0430574e-001  2.7238426e+000
  8.0306786e-001  2.6593312e+000
  7.9709199e-001  2.7414292e+000
  8.1062163e-001  2.7524738e+000
  8.0157140e-001  2.7070668e+000
  8.0010784e-001  2.7721498e+000
  8.0970351e-001  2.7432560e+000
  7.9938858e-001  2.7272276e+000
  7.9235639e-001  2.7313539e+000
  7.9658375e-001  2.7547530e+000
  8.0421728e-001  2.8005852e+000
  7.9315524e-001  2.7373201e+000
  8.0430410e-001  2.7434219e+000
  7.9398877e-001  2.7344243e+000
  8.0875867e-001  2.7896329e+000
  8.0555516e-001  2.7508848e+000
  8.0861541e-001  2.7574782e+000
  7.9475325e-001  2.7653310e+000
  7.9522769e-001  2.7626477e+000
  8.1319003e-001  2.7940029e+000
  7.9718706e-001  2.7597534e+000
  8.1168663e-001  2.7743141e+000
  8.0567715e-001  2.7905191e+000
  7.9248851e-001  2.7525900e+000
  8.1101705e-001  2.7962763e+000
  8.0833885e-001  2.7849551e+000
  8.0460249e-001  2.7985192e+000
  7.9108067e-001  2.8071342e+000
  8.1003237e-001  2.7613252e+000
  1.5767427e-001  2.8210508e+000
  1.5332543e-001  2.7623814e+000
  1.4272559e-001  2.7294117e+000
  1.5241231e-001  2.7368608e+000
  1.5849224e-001  2.6231462e+000
  1.3935919e-001  2.5063737e+000
  1.3915337e-001  2.4552082e+000
  1.4549839e-001  2.2996953e+000
  1.3538179e-001  2.1751689e+000
  1.4243045e-001  2.1111065e+000
  1.4252937e-001  1.9805537e+000
  1.4839881e-001  1.8263032e+000
  1.4446730e-001  1.7921740e+000
  1.5068868e-001  1.6266659e+000
  1.4497378e-001  1.5979067e+000
  1.5734802e-001  1.4473302e+000
  1.4636481e-001  1.4084489e+000
  1.5252945e-001  1.3203657e+000
  1.3854531e-001  1.2409607e+000
  1.4187598e-001  1.1939901e+000
  1.5220672e-001  1.1280330e+000
  1.5263688e-001  1.1089284e+000
  1.5779552e-001  9.8888638e-001
  1.3616610e-001  9.6666643e-001
  1.5462743e-001  9.1207081e-001
  1.4930775e-001  8.7123498e-001
  1.4367223e-001  8.3695582e-001
  1.5455505e-001  7.9721091e-001
  1.4149326e-001  7.8632547e-001
  1.3690843e-001  7.8146357e-001
  1.4878334e-001  7.2404399e-001
  1.5269510e-001  7.2054501e-001
  1.4066631e-001  6.9022896e-001
  1.4410300e-001  7.1921036e-001
  1.4829679e-001  7.0033616e-001
  1.5803628e-001  6.2240262e-001
  1.5693235e-001  6.3606621e-001
  1.5380178e-001  6.6377433e-001
  1.3955341e-001  5.8763934e-001
  1.4780439e-001  6.4497023e-001
  1.4013935e-001  6.3231229e-001
  1.5108766e-001  5.7812428e-001
  1.5537770e-001  5.4756614e-001
  1.4677628e-001  6.2049137e-001
  1.4619772e-001  5.8168311e-001
  1.3721191e-001  5.5203879e-001
  1.5470771e-001  5.7099117e-001
  1.5092776e-001  5.6412872e-001
  1.3649002e-001  5.3890964e-001
  1.3971030e-001  5.5583890e-001
  1.5219775e-001  5.8073549e-001
  1.3879647e-001  5.8653315e-001
  1.4187681e-001  5.7593005e-001
  1.5577697e-001  5.0856258e-001
  1.5353476e-001  5.2112485e-001
  1.4647568e-001  5.7941586e-001
  1.3641901e-001  5.3478774e-001
  1.4607102e-001  5.2077933e-001
  1.4936722e-001  5.4286801e-001
  1.4651865e-001  5.6784205e-001
  1.5451160e-001  5.2695151e-001
  1.3586498e-001  5.3027473e-001
  1.4194745e-001  4.9374864e-001
  1.3487784e-001  5.7093803e-001
  1.5454257e-001  5.6366711e-001
  1.5675789e-001  5.2741955e-001
  1.5740925e-001  4.9087263e-001
  1.4223934e-001  5.3678651e-001
  1.5353486e-001  5.2470713e-001
 -9.3669199e-002  5.4590006e-001
 -9.3497118e-002  5.4131320e-001
 -1.0583584e-001  4.8603025e-001
 -8.7441140e-002  4.8572501e-001
 -8.9405151e-002  4.2440795e-001
 -1.0337562e-001  4.0374456e-001
 -1.0557580e-001  4.1250999e-001
 -8.9942285e-002  3.2290301e-001
 -8.7368910e-002  3.0723259e-001
 -9.2914262e-002  2.5997985e-001
 -1.0072576e-001  2.1702022e-001
 -8.8194121e-002  1.8936434e-001
 -9.5406476e-002  1.9545098e-001
 -1.0391744e-001  1.3836897e-001
 -1.0315161e-001  1.2804178e-001
 -1.0815455e-001  2.7860873e-002
 -1.0029599e-001 -1.0786652e-002
 -9.3300373e-002  1.9860892e-002
 -9.1503056e-002 -4.9616914e-002
 -1.0714848e-001 -5.9882470e-002
 -1.0507965e-001 -8.7410193e-002
 -8.8465792e-002 -9.7142763e-002
 -8.7501020e-002 -8.2948141e-002
 -8.7667444e-002 -1.4845079e-001
 -1.0258780e-001 -1.6986836e-001
 -9.4375067e-002 -1.2755734e-001
 -8.9509655e-002 -1.5284702e-001
 -9.1066928e-002 -1.9943017e-001
 -1.0388526e-001 -1.7819396e-001
 -9.7539811e-002 -2.3422623e-001
 -8.6688504e-002 -1.9083569e-001
 -9.4504118e-002 -1.7602754e-001
 -1.0056553e-001 -2.0597788e-001
 -8.5801917e-002 -1.9263826e-001
 -1.0185265e-001 -2.1247209e-001
 -1.0365334e-001 -2.6061708e-001
 -9.7864390e-002 -2.8474021e-001
 -9.2307402e-002 -2.4610781e-001
 -1.0693267e-001 -2.1363559e-001
 -1.0833667e-001 -2.4718397e-001
 -9.6632986e-002 -2.7880861e-001
 -8.7920371e-002 -2.5428265e-001
 -1.0655794e-001 -2.3062387e-001
 -9.0841196e-002 -2.6301144e-001
 -8.8786892e-002 -2.8214614e-001
 -1.0693539e-001 -2.7658727e-001
 -1.0138896e-001 -2.5403546e-001
 -1.0507544e-001 -2.9583698e-001
 -8.8750920e-002 -3.0171101e-001
 -9.7457332e-002 -3.0450401e-001
 -9.2287703e-002 -2.5990589e-001
 -9.6946470e-002 -2.6500269e-001
 -1.0203854e-001 -3.1608314e-001
 -9.4009692e-002 -2.6488796e-001
 -9.3838672e-002 -3.1983723e-001
 -9.0646386e-002 -2.5706732e-001
 -9.3736088e-002 -2.7624365e-001
 -9.2403815e-002 -2.5234508e-001
 -1.0517454e-001 -3.1093695e-001
 -8.5958804e-002 -2.8026719e-001
 -9.3206761e-002 -2.9316976e-001
 -1.0343712e-001 -2.9330482e-001
 -1.0396504e-001 -3.0743648e-001
 -8.5574543e-002 -2.8547304e-001
 -9.1515434e-002 -2.6789018e-001
 -9.7767340e-002 -2.9048728e-001
 -9.3413610e-002 -2.5282126e-001
 -1.0372867e-001 -2.8948268e-001
 -8.6069570e-002 -2.9157130e-001
 -4.8359618e-002 -2.8620693e-001
 -3.0662732e-002 -2.8826491e-001
 -3.4285910e-002 -2.7181755e-001
 -4.0492220e-002 -2.8168261e-001
 -3.5897869e-002 -2.7404968e-001
 -4.7815050e-002 -2.5823631e-001
 -4.8577628e-002 -2.4176415e-001
 -5.2699446e-002 -2.5521830e-001
 -3.9350385e-002 -2.2237153e-001
 -3.8790093e-002 -2.3636436e-001
 -4.7752940e-002 -1.9134200e-001
 -4.5026778e-002 -2.1125172e-001
 -3.9966514e-002 -2.1376926e-001
 -5.2402096e-002 -1.8801348e-001
 -4.5593359e-002 -2.1148544e-001
 -4.5978024e-002 -2.3563714e-001
 -4.4878756e-002 -1.6362811e-001
 -4.3284937e-002 -1.5744932e-001
 -5.1153057e-002 -1.4800559e-001
 -4.5863518e-002 -1.6981416e-001
 -5.1617577e-002 -1.9784969e-001
 -4.4288011e-002 -1.8923368e-001
 -5.0522602e-002 -1.9827225e-001
 -4.6820444e-002 -1.9607728e-001
 -4.8397822e-002 -1.4331823e-001
 -4.8321624e-002 -1.7983522e-001
 -4.1912255e-002 -1.3223176e-001
 -3.6886804e-002 -1.6810153e-001
 -5.2037116e-002 -1.2511703e-001
 -3.6630796e-002 -1.1991184e-001
 -4.0301185e-002 -1.3601494e-001
 -4.8377354e-002 -1.1501747e-001
 -5.2812014e-002 -1.3618740e-001
 -3.9697266e-002 -1.7888131e-001
 -5.2774236e-002 -1.2466235e-001
 -5.1425447e-002 -1.1818175e-001
 -3.5297104e-002 -1.6007895e-001
 -4.2910224e-002 -1.4701791e-001
 -5.3203460e-002 -1.0415682e-001
 -3.8521369e-002 -1.5005716e-001
 -5.3231438e-002 -1.7300205e-001
 -3.5369606e-002 -1.1575435e-001
 -3.9607623e-002 -1.6223006e-001
 -4.4408408e-002 -1.0374556e-001
 -5.1088345e-002 -1.3463906e-001
 -3.9657230e-002 -1.1827191e-001
 -3.4558518e-002 -1.0260190e-001
 -5.1890028e-002 -1.0124398e-001
 -3.6509058e-002 -1.4507577e-001
 -4.9375925e-002 -1.2654492e-001
 -3.7939163e-002 -1.2648959e-001
 -3.9010393e-002 -1.5058318e-001
 -4.9723869e-002 -1.4391681e-001
 -4.1560640e-002 -1.5156469e-001
 -4.3404285e-002 -1.3685267e-001
 -3.9803121e-002 -1.5074918e-001
 -4.9975894e-002 -1.0753502e-001
 -3.5836966e-002 -1.6820666e-001
 -4.7017823e-002 -1.4312914e-001
 -5.2701148e-002 -1.4112389e-001
 -3.9860128e-002 -1.3531646e-001
 -4.8321111e-002 -1.5620930e-001
 -3.7438666e-002 -1.0796696e-001
 -3.1997424e-002 -9.8623556e-002
 -3.7131511e-002 -1.0368138e-001
 -4.1513538e-002 -1.3507114e-001
 -3.2949208e-002 -9.5271917e-002
 -3.6732298e-002 -1.5842535e-001
 -4.2843568e-002 -1.2470210e-001
  4.7524328e-001 -1.3659902e-001
  4.8289146e-001 -1.5753489e-001
  4.6244104e-001 -1.1748671e-001
  4.6443138e-001 -6.1787879e-002
  4.6397935e-001  3.2773914e-002
  4.7276835e-001  1.0490897e-001
  4.8168352e-001  1.8831487e-001
  4.7890498e-001  3.2906065e-001
  4.7633985e-001  4.2411051e-001
  4.8536030e-001  5.2544971e-001
  4.8215594e-001  5.8944500e-001
  4.6285189e-001  6.7027379e-001
  4.6561872e-001  7.2539439e-001
  4.7943990e-001  8.1179794e-001
  4.6151230e-001  9.3783703e-001
  4.7933103e-001  9.7626143e-001
  4.7839592e-001  1.1115151e+000
  4.6881909e-001  1.1274354e+000
  4.8470586e-001  1.2304714e+000
  4.7568616e-001  1.2234721e+000
  4.7213494e-001  1.3420519e+000
  4.8070860e-001  1.3939915e+000
  4.7167834e-001  1.3810903e+000
  4.6661328e-001  1.4478166e+000
  4.6989236e-001  1.4654112e+000
  4.7566293e-001  1.4894185e+000
  4.7651731e-001  1.5327104e+000
  4.6684542e-001  1.6056159e+000
  4.6180986e-001  1.6312441e+000
  4.7747262e-001  1.5970403e+000
  4.7501748e-001  1.6304989e+000
  4.6333480e-001  1.6957055e+000
  4.8430855e-001  1.6864411e+000
  4.8107893e-001  1.6747885e+000
  4.6272866e-001  1.7406914e+000
  4.8438229e-001  1.7116806e+000
  4.7794167e-001  1.7682583e+000
  4.6701429e-001  1.7512365e+000
  4.7365759e-001  1.7549733e+000
  4.8418920e-001  1.7322869e+000
  4.8466161e-001  1.7414932e+000
  4.7989743e-001  1.8073250e+000
  4.6256431e-001  1.8169784e+000
  4.7387094e-001  1.7903935e+000
  4.7521068e-001  1.7951575e+000
  4.7908367e-001  1.7654174e+000
  4.8126533e-001  1.7696630e+000
  4.7701410e-001  1.7837949e+000
  4.7090017e-001  1.8000258e+000
  4.7040726e-001  1.8490841e+000
  4.6272543e-001  1.8232010e+000
  4.7098905e-001  1.7836845e+000
  4.6633522e-001  1.8015061e+000
  4.8067654e-001  1.8437052e+000
  4.6563836e-001  1.8044101e+000
  4.7052096e-001  1.8651379e+000
  4.6770282e-001  1.8158969e+000
  4.6184000e-001  1.8621886e+000
  4.7536848e-001  1.8665228e+000
  4.6694573e-001  1.8668056e+000
  4.7723674e-001  1.8398040e+000
  4.6226551e-001  1.8116744e+000
  4.6525835e-001  1.8076281e+000
  4.7413477e-001  1.8062497e+000
  4.7601245e-001  1.8536758e+000
  4.7441076e-001  1.8273989e+000
  4.6304920e-001  1.8127837e+000
  4.6369878e-001  1.8507223e+000
  4.8040715e-001  1.8315411e+000
  1.6732387e-001  1.8474862e+000
  1.6492019e-001  1.8616123e+000
  1.6469658e-001  1.8489529e+000
  1.6466769e-001  1.8147381e+000
  1.7907018e-001  1.7259729e+000
  1.7280398e-001  1.6652372e+000
  1.7870125e-001  1.5975883e+000
  1.7041893e-001  1.6032172e+000
  1.7954621e-001  1.5408923e+000
  1.8273303e-001  1.4247388e+000
  1.7196402e-001  1.4342910e+000
  1.6899992e-001  1.3645330e+000
  1.7033008e-001  1.2520750e+000
  1.6960027e-001  1.2498284e+000
  1.7616546e-001  1.2083874e+000
  1.8348774e-001  1.1229980e+000
  1.7827156e-001  1.1045431e+000
  1.7448918e-001  1.0232017e+000
  1.8372875e-001  9.8280172e-001
  1.7356017e-001  9.5809693e-001
  1.7838583e-001  9.2139557e-001
  1.6672146e-001  9.4968693e-001
  1.8066120e-001  8.8372174e-001
  1.7488888e-001  8.8169015e-001
  1.7220733e-001  8.5677200e-001
  1.7079893e-001  8.0589473e-001
  1.6478013e-001  8.3064229e-001
  1.8119506e-001  8.1702448e-001
  1.6248429e-001  7.5448717e-001
  1.7851818e-001  7.4925847e-001
  1.6036592e-001  7.6919496e-001
  1.6210532e-001  6.9635362e-001
  1.6334287e-001  6.8946109e-001
  1.8276564e-001  6.9737728e-001
  1.7871778e-001  7.3571055e-001
  1.7337355e-001  7.0169677e-001
  1.7941890e-001  6.6220452e-001
  1.7380080e-001  6.4859903e-001
  1.8190234e-001  6.8019361e-001
  1.8049811e-001  6.9796046e-001
  1.8026182e-001  6.3803622e-001
  1.6502328e-001  6.9469555e-001
  1.7577482e-001  6.5004592e-001
  1.6201652e-001  6.2416285e-001
  1.8175474e-001  6.3656723e-001
  1.7698219e-001  6.8401926e-001
  1.6508179e-001  6.1526812e-001
  1.7537813e-001  6.6446131e-001
  1.6070708e-001  6.3718303e-001
  1.7965770e-001  6.2449574e-001
  1.6065342e-001  6.2121164e-001
  1.8055933e-001  6.7764540e-001
  1.6409790e-001  6.2224353e-001
  1.7735410e-001  6.1607348e-001
  1.6917746e-001  6.3050282e-001
  1.7391823e-001  6.6521975e-001
  1.8317683e-001  5.9935938e-001
  3.6119461e-001  6.1774819e-001
