  3.2749624e-001  1.2213201e+000
 -5.4028448e-002 -1.1872256e-001
 -1.1912147e-001 -3.1342121e-001
 -1.4099023e-001 -3.4924146e-001
 -7.8749855e-001  4.3038482e-001
  7.8966496e-002  2.1010436e-001
  7.4406533e-001  2.6157750e+000
  6.3256768e-001  2.3477133e+000
 -7.4493626e-002 -2.5165956e-001
  3.0193545e-002  9.0449112e-002
 -8.7085661e-002 -2.4594755e-001
 -6.1112365e-001 -3.9940812e-001
  7.2129703e-001  2.6855775e+000
 -9.6511908e-001  1.7986676e+000
 -3.1588280e-001 -6.2216747e-001
 -4.7160272e-001 -6.9844901e-001
 -7.0562156e-001 -3.5692315e-002
  9.0095613e-001  2.8528973e+000
 -3.6254947e-001 -7.2911591e-001
  6.8366726e-001  2.5123326e+000
  3.1702013e-001  1.2466771e+000
 -3.3072757e-001 -6.6494178e-001
 -9.2674774e-001  1.4626177e+000
  1.1758919e-002  1.0601024e-002
  2.1852172e-001  7.3967128e-001
  3.3072883e-001  1.3318358e+000
 -8.2556135e-001  6.5861617e-001
 -6.5727325e-001 -1.4920892e-001
  9.8941235e-001  2.8546259e+000
  1.4408750e-001  4.7515271e-001
  9.6558057e-001  2.8737150e+000
 -5.2868868e-001 -5.0067724e-001
  1.9629629e-001  7.0031404e-001
  8.4515997e-001  2.8838983e+000
 -7.6596473e-001  2.7063080e-001
 -2.1132382e-001 -6.0569563e-001
  5.8327228e-001  2.1653924e+000
  8.1183819e-001  2.8279826e+000
 -6.4576584e-001 -1.9202439e-001
 -7.7025176e-001  4.3328099e-001
 -9.3830696e-001  1.5273607e+000
 -3.6252234e-001 -7.0866740e-001
  7.1901450e-001  2.6373905e+000
 -3.3078031e-001 -6.4484423e-001
 -4.8531685e-002 -9.5574174e-002
  8.8810770e-001  2.8451154e+000
 -9.3269514e-001  1.4700121e+000
  2.6354466e-001  9.3118663e-001
  6.2589380e-001  2.3788648e+000
  1.7837627e-002  1.4990394e-002
  9.4167277e-001  2.8812214e+000
  7.3643389e-001  2.6798766e+000
 -5.2240786e-001 -5.1281888e-001
 -3.1155141e-001 -7.1724696e-001
 -9.0703626e-001  1.2653817e+000
  1.3549305e-001  5.3361645e-001
  1.6955865e-001  5.9206126e-001
 -9.3389573e-001  1.4994534e+000
  6.7367750e-001  2.5707941e+000
  3.1751724e-001  1.2742338e+000
  8.4518315e-001  2.9155549e+000
  8.7444771e-001  2.8949278e+000
 -9.5629957e-001  1.7273128e+000
 -8.2230260e-001  6.8977773e-001
 -6.2669975e-001 -2.3789492e-001
  8.0676559e-001  2.7733926e+000
  7.1991121e-001  2.5765876e+000
  1.1235628e-001  4.3441317e-001
 -5.1404938e-001 -6.2661590e-001
  7.6185119e-001  2.7654778e+000
  2.9079609e-001  1.1674571e+000
 -3.9203929e-001 -6.1235214e-001
 -6.2375902e-002 -1.8202186e-001
 -3.3111624e-001 -7.0743401e-001
 -2.7446141e-001 -6.0900597e-001
  5.1587892e-001  1.9927314e+000
 -9.2949330e-001  1.4406006e+000
  7.9860524e-001  2.7810986e+000
 -6.0218450e-001 -3.3258217e-001
  9.5327360e-001  2.9797491e+000
 -8.4622281e-001  7.7669848e-001
 -5.6390284e-001 -3.9152852e-001
 -7.1890102e-001  1.6285599e-001
 -2.2111259e-001 -5.2320978e-001
  4.2414185e-001  1.6702983e+000
 -9.3470684e-001  1.5540948e+000
  2.9952632e-001  1.2142013e+000
 -1.7807974e-002 -8.3493029e-003
  9.3702191e-001  2.8888267e+000
  8.6735700e-001  2.8518783e+000
 -4.0641215e-001 -6.2501404e-001
 -6.0294528e-001 -3.5978117e-001
 -5.6156387e-001 -4.8663512e-001
  9.6091017e-001  2.9335357e+000
 -9.5170494e-001  1.7125816e+000
 -2.1170937e-001 -5.4417467e-001
 -5.0626292e-001 -5.8878170e-001
 -8.8054073e-001  1.1598696e+000
 -4.4255273e-001 -6.5129465e-001
 -8.2294126e-001  6.9665061e-001
 -9.3592215e-001  1.5204888e+000
  8.5587877e-001  2.8195664e+000
 -7.2410522e-001  9.1406439e-002
  4.8489108e-001  1.8986998e+000
  3.4361444e-001  1.3545445e+000
  8.5180034e-001  2.9274447e+000
 -5.8135610e-001 -4.4975504e-001
  5.7466248e-002  2.5665605e-001
 -5.9424426e-001 -3.7713128e-001
 -8.6357100e-001  9.1361291e-001
  6.3642870e-001  2.3360892e+000
 -9.7748264e-002 -3.5736659e-001
  6.2511136e-001  2.3002819e+000
 -1.1833377e-001 -3.7479769e-001
 -3.3478382e-001 -6.0711707e-001
  9.0812480e-001  2.9145321e+000
  9.4241525e-001  2.9696117e+000
 -1.5808182e-001 -3.9028689e-001
  9.8734635e-001  2.9306425e+000
 -2.3709888e-001 -6.2981085e-001
  7.3210536e-001  2.6467800e+000
 -6.8643355e-001 -2.4404050e-002
 -3.0058734e-001 -6.6020310e-001
 -1.7257559e-001 -5.0164545e-001
  4.3616436e-001  1.6256912e+000
  1.2679350e-001  5.1916244e-001
 -2.9983804e-001 -6.1731522e-001
 -4.1781831e-001 -6.2956378e-001
 -3.0889777e-002 -1.0195083e-001
  7.2205405e-001  2.6808792e+000
  7.8044498e-001  2.7007065e+000
  6.7195286e-002  2.1746912e-001
  9.2502104e-001  2.8566891e+000
  8.1294355e-001  2.8571698e+000
 -2.5203492e-001 -6.3548710e-001
 -6.7954410e-001 -6.5715772e-002
  9.1443386e-001  2.8625356e+000
  1.9064479e-001  6.6206949e-001
 -2.8911253e-001 -6.3040729e-001
 -7.7101014e-001  2.9343283e-001
  9.1367886e-001  2.8474020e+000
 -9.8645940e-001  2.0803910e+000
  2.9674130e-001  1.1608555e+000
 -6.1754115e-001 -3.2710666e-001
  4.6035820e-001  1.8337714e+000
 -1.7217320e-001 -4.1881057e-001
 -4.4299447e-001 -6.0581676e-001
 -6.8074396e-001 -4.2030879e-002
 -2.5887108e-001 -5.5359906e-001
 -8.4013030e-001  7.7740283e-001
 -7.0663986e-001  1.9704656e-002
  6.4427665e-001  2.3894486e+000
 -6.7007866e-002 -2.0864121e-001
  8.2947332e-001  2.8851569e+000
 -6.4941784e-001 -2.5853218e-001
  5.6428360e-001  2.2137752e+000
 -9.0124642e-001  1.3180140e+000
 -4.8363839e-001 -6.7721622e-001
  4.4376614e-001  1.6600204e+000
 -4.1336758e-001 -6.8394647e-001
 -1.8207985e-001 -4.8138840e-001
 -4.2647730e-001 -6.1465084e-001
 -7.1709471e-001  5.1890679e-002
  8.9927835e-001  2.9452684e+000
 -1.5747310e-001 -3.6214828e-001
  8.0085066e-001  2.8507723e+000
  5.5791815e-001  2.1781438e+000
  8.4393927e-001  2.8183682e+000
  1.2061210e-001  3.5863930e-001
  5.5759465e-001  2.1222904e+000
 -8.8850923e-001  1.2209922e+000
  4.8491856e-001  1.9144664e+000
 -4.1686970e-001 -6.0510711e-001
 -9.5021417e-001  1.6057036e+000
 -9.5819910e-001  1.7249776e+000
 -4.4048937e-001 -6.5953731e-001
  6.4255187e-002  2.1783879e-001
  5.0264370e-001  1.9592881e+000
 -6.9263500e-001  4.0291538e-002
  9.1324743e-001  2.9813371e+000
 -6.3954571e-001 -3.1235175e-001
 -2.0251618e-001 -5.1510755e-001
  8.3289146e-002  2.4176529e-001
 -6.8817221e-001 -4.9785907e-002
  8.5319288e-001  2.7980367e+000
 -6.1178852e-001 -3.0686650e-001
 -1.8357891e-004 -6.8682879e-002
 -6.3629477e-001 -2.9870840e-001
 -1.9786807e-001 -5.3539328e-001
  3.5671830e-001  1.4316862e+000
 -8.7426807e-001  1.0116881e+000
  9.9177275e-001  2.9654915e+000
 -4.0414317e-001 -6.2365973e-001
  3.5262055e-001  1.3892434e+000
  7.1147880e-001  2.5592992e+000
 -6.2403606e-001 -2.1923054e-001
  7.1774662e-001  2.5626456e+000
  3.9890609e-001  1.5057187e+000
 -9.8094958e-001  2.0369817e+000
  9.8600174e-001  2.9251751e+000
